0 0.236914 0.656944 0.015234 0.068056
0 0.383984 0.499653 0.011719 0.072917
0 0.509961 0.408681 0.010547 0.060417
0 0.691797 0.484028 0.021875 0.072222
0 0.667383 0.595486 0.012109 0.077083
0 0.746289 0.339236 0.023047 0.056250
0 0.845117 0.909028 0.022266 0.100000
0 0.556250 0.404167 0.024219 0.051389
0 0.563086 0.494097 0.011328 0.068750
0 0.171875 0.661458 0.021094 0.071528
0 0.898828 0.934028 0.023438 0.116667
0 0.915625 0.724306 0.023438 0.088889
1 0.313672 0.389583 0.016406 0.059722
2 0.432422 0.281597 0.014063 0.063194
3 0.855273 0.950694 0.006641 0.018056
