0 0.381641 0.386458 0.021875 0.064583
0 0.419727 0.944792 0.016016 0.103472
0 0.612109 0.596181 0.016406 0.077083
0 0.925195 0.558681 0.012109 0.084028
0 0.679688 0.430556 0.021875 0.065278
0 0.736328 0.181250 0.015625 0.047222
0 0.396680 0.560417 0.019141 0.079167
0 0.476172 0.440625 0.027344 0.068750
0 0.451758 0.387153 0.023828 0.060417
0 0.619141 0.269792 0.021875 0.059028
0 0.789844 0.313194 0.014063 0.062500
0 0.572852 0.648611 0.015234 0.087500
0 0.854492 0.594792 0.016016 0.082639
0 0.707812 0.482986 0.013281 0.075694
0 0.797656 0.455903 0.014063 0.077083
1 0.198047 0.348611 0.015625 0.068056
2 0.043750 0.197569 0.013281 0.063194
3 0.444727 0.300000 0.008203 0.012500
