0 0.083594 0.314815 0.021354 0.092593
0 0.398438 0.520833 0.020833 0.075000
0 0.546875 0.418981 0.037500 0.026852
0 0.684635 0.500463 0.025521 0.097222
0 0.011458 0.841204 0.021875 0.150926
0 0.158594 0.537963 0.027604 0.125926
0 0.190104 0.466204 0.020833 0.113889
0 0.319271 0.635648 0.028125 0.128704
0 0.400260 0.584722 0.030729 0.115741
0 0.467969 0.388426 0.025521 0.086111
0 0.577344 0.459722 0.027604 0.115741
0 0.613802 0.504167 0.029687 0.099074
1 0.636979 0.488426 0.057292 0.037963
3 0.464323 0.432407 0.008854 0.016667
