0 0.765885 0.546759 0.024479 0.091667
0 0.095573 0.541204 0.015104 0.110185
0 0.185677 0.343981 0.017188 0.084259
0 0.303646 0.439352 0.025000 0.099074
0 0.264323 0.269907 0.019271 0.073148
0 0.391927 0.322222 0.020313 0.077778
0 0.399219 0.520833 0.032813 0.080556
0 0.421354 0.345833 0.020833 0.080556
0 0.460156 0.426389 0.025521 0.086111
0 0.912500 0.831481 0.022917 0.129630
0 0.012500 0.265741 0.012500 0.079630
0 0.126823 0.433796 0.018229 0.097222
0 0.333594 0.579167 0.021354 0.102778
0 0.264323 0.277778 0.008854 0.077778
0 0.388021 0.413426 0.021875 0.086111
0 0.385417 0.340278 0.020833 0.078704
1 0.815104 0.302778 0.018750 0.070370
2 0.099740 0.412500 0.026562 0.097222
3 0.323177 0.613426 0.007812 0.013889
