0 0.577083 0.435648 0.016667 0.093519
0 0.483333 0.337037 0.014583 0.090741
0 0.475260 0.736111 0.018229 0.129630
0 0.309375 0.359722 0.029167 0.076852
0 0.107552 0.310648 0.031771 0.087963
0 0.640625 0.446296 0.026042 0.100000
0 0.530208 0.362963 0.013542 0.090741
0 0.466146 0.400463 0.036458 0.102778
0 0.310156 0.512037 0.023438 0.103704
0 0.274219 0.407870 0.017188 0.100926
0 0.322917 0.369444 0.020833 0.100000
0 0.353906 0.358333 0.025521 0.090741
0 0.006510 0.308333 0.013021 0.090741
1 0.790625 0.375463 0.026042 0.073148
3 0.783854 0.414352 0.007292 0.010185
