0 0.164323 0.621296 0.023438 0.148148
0 0.022917 0.376852 0.026042 0.111111
0 0.093750 0.287963 0.012500 0.090741
0 0.486198 0.412963 0.019271 0.112963
0 0.652604 0.440741 0.029167 0.114815
0 0.334115 0.343981 0.019271 0.086111
0 0.329167 0.312037 0.021875 0.070370
0 0.187500 0.380556 0.019792 0.114815
0 0.389062 0.451852 0.022917 0.109259
0 0.653385 0.419907 0.009896 0.115741
0 0.581771 0.403704 0.022917 0.100000
0 0.520573 0.375000 0.022396 0.103704
0 0.366406 0.333333 0.019271 0.101852
0 0.360156 0.311111 0.028646 0.075926
0 0.326823 0.309722 0.034896 0.084259
1 0.709635 0.374537 0.023438 0.091667
2 0.350000 0.292130 0.016667 0.045370
