0 0.262109 0.723958 0.034375 0.064583
0 0.759375 0.759028 0.014063 0.091667
0 0.592969 0.480903 0.012500 0.067361
0 0.565039 0.361111 0.016016 0.070833
0 0.858789 0.294097 0.008203 0.059028
0 0.195312 0.437153 0.021094 0.067361
0 0.309375 0.306250 0.009375 0.066667
0 0.659375 0.164931 0.013281 0.054861
0 0.181250 0.769792 0.023438 0.088194
0 0.813281 0.778472 0.025781 0.079167
0 0.671875 0.530208 0.010937 0.071528
0 0.329688 0.497917 0.017969 0.081944
0 0.958984 0.149306 0.010156 0.056944
0 0.381055 0.303472 0.012891 0.065278
3 0.267773 0.758681 0.006641 0.010417
