0 0.644271 0.658796 0.018750 0.121296
0 0.696354 0.532407 0.018750 0.101852
0 0.429948 0.660648 0.022396 0.126852
0 0.517448 0.485185 0.024479 0.101852
0 0.302083 0.403241 0.014583 0.089815
0 0.415104 0.311574 0.013542 0.080556
0 0.301042 0.273148 0.014583 0.077778
0 0.184635 0.280556 0.017188 0.085185
0 0.169531 0.231481 0.015104 0.072222
0 0.701042 0.754630 0.032292 0.150000
0 0.661198 0.537963 0.039062 0.092593
0 0.434635 0.599074 0.023438 0.111111
0 0.360156 0.310185 0.024479 0.077778
1 0.568490 0.218519 0.011979 0.081481
2 0.130729 0.399537 0.015625 0.115741
3 0.726042 0.801852 0.012500 0.020370
