0 0.508854 0.385648 0.017708 0.100926
0 0.364323 0.405093 0.011979 0.099074
0 0.358594 0.313426 0.017188 0.108333
0 0.054427 0.326852 0.022396 0.103704
0 0.453906 0.677315 0.025521 0.137963
0 0.601562 0.406944 0.018750 0.102778
0 0.483073 0.397685 0.028646 0.119444
0 0.403906 0.365278 0.030729 0.104630
0 0.407813 0.378704 0.051042 0.025926
0 0.215625 0.546759 0.030208 0.113889
0 0.120313 0.447222 0.021875 0.124074
0 0.142969 0.397685 0.029687 0.119444
1 0.598177 0.358796 0.019271 0.097222
3 0.044010 0.381944 0.007812 0.012037
