0 0.785417 0.441667 0.015625 0.107407
0 0.462240 0.408796 0.015104 0.112037
0 0.446875 0.346759 0.016667 0.106481
0 0.365365 0.322222 0.015104 0.088889
0 0.188281 0.594907 0.028646 0.143519
0 0.106510 0.362963 0.014063 0.101852
0 0.114583 0.295833 0.013542 0.091667
0 0.696615 0.451389 0.021354 0.117593
0 0.559115 0.408333 0.017188 0.116667
0 0.473438 0.378704 0.026042 0.098148
0 0.391667 0.347685 0.029167 0.037963
0 0.346615 0.314815 0.017188 0.094444
0 0.288542 0.335648 0.020833 0.091667
0 0.378906 0.456944 0.015104 0.108333
0 0.172135 0.381944 0.014063 0.106481
1 0.776042 0.374537 0.019792 0.104630
2 0.764844 0.363426 0.011979 0.084259
3 0.522396 0.494444 0.009375 0.005556
