0 0.664323 0.550000 0.018229 0.105556
0 0.470573 0.543519 0.017188 0.098148
0 0.458594 0.479167 0.018229 0.097222
0 0.445312 0.528241 0.035417 0.062037
0 0.356510 0.511574 0.016146 0.108333
0 0.375781 0.437500 0.024479 0.091667
0 0.289583 0.394907 0.019792 0.084259
0 0.143750 0.448611 0.015625 0.102778
0 0.602344 0.527315 0.044271 0.076852
0 0.825260 0.787963 0.019271 0.137037
0 0.464323 0.527315 0.018229 0.106481
0 0.237240 0.370370 0.014063 0.090741
0 0.235677 0.465741 0.015104 0.100000
0 0.085417 0.529630 0.022917 0.107407
1 0.672396 0.389815 0.018750 0.072222
3 0.678125 0.404630 0.007292 0.012963
