0 0.763802 0.725000 0.030729 0.135185
0 0.627865 0.699074 0.029687 0.137037
0 0.590885 0.525926 0.031771 0.068519
0 0.376302 0.428704 0.017188 0.081481
0 0.537500 0.327778 0.021875 0.079630
0 0.931250 0.588889 0.035417 0.105556
0 0.377344 0.289815 0.018229 0.077778
0 0.230208 0.292593 0.018750 0.083333
0 0.226562 0.240278 0.012500 0.071296
0 0.802865 0.782407 0.044271 0.144444
0 0.441406 0.613889 0.031771 0.112963
0 0.469010 0.338889 0.016146 0.083333
0 0.920052 0.612500 0.044271 0.113889
1 0.599740 0.226852 0.011979 0.075926
2 0.186719 0.406481 0.023438 0.109259
3 0.373177 0.325463 0.005729 0.010185
