0 0.505729 0.240741 0.013542 0.066667
0 0.500260 0.388426 0.022396 0.091667
0 0.741667 0.478241 0.019792 0.106481
0 0.381510 0.457407 0.014063 0.103704
0 0.316667 0.304167 0.012500 0.078704
0 0.090365 0.663426 0.023438 0.139815
0 0.520052 0.263889 0.021354 0.061111
0 0.596615 0.335648 0.018229 0.082407
0 0.664062 0.387963 0.023958 0.098148
0 0.509635 0.369444 0.014063 0.087037
0 0.805990 0.460185 0.024479 0.101852
0 0.459896 0.470833 0.014583 0.097222
0 0.256510 0.401389 0.025521 0.097222
0 0.219010 0.337037 0.024479 0.074074
1 0.911719 0.360185 0.021354 0.087037
2 0.206771 0.303704 0.019792 0.101852
