0 0.235156 0.508333 0.016146 0.109259
0 0.400260 0.608333 0.036979 0.118519
0 0.908594 0.770833 0.026562 0.141667
0 0.594531 0.518981 0.022396 0.099074
0 0.559375 0.448611 0.018750 0.110185
0 0.518490 0.439352 0.011979 0.100926
0 0.355990 0.350926 0.014063 0.087037
0 0.367969 0.383796 0.013021 0.097222
0 0.432812 0.415278 0.017708 0.104630
0 0.458854 0.403241 0.019792 0.099074
0 0.266146 0.913426 0.054167 0.147222
0 0.327604 0.612500 0.016667 0.110185
0 0.242708 0.440741 0.022917 0.092593
0 0.245573 0.322685 0.014063 0.080556
0 0.384635 0.359259 0.027604 0.070370
0 0.506250 0.350000 0.029167 0.066667
0 0.601823 0.413426 0.021354 0.089815
1 0.671875 0.368519 0.016667 0.098148
2 0.509896 0.417593 0.027083 0.166667
3 0.217708 0.200926 0.025000 0.029630
