0 0.339323 0.316204 0.019271 0.067593
0 0.459115 0.298148 0.013021 0.077778
0 0.370052 0.416204 0.023438 0.089815
0 0.499219 0.390278 0.019271 0.073148
0 0.583073 0.669907 0.014063 0.110185
0 0.591146 0.506481 0.018750 0.100000
0 0.720573 0.665278 0.017188 0.115741
0 0.805729 0.474537 0.015625 0.100926
0 0.752604 0.424537 0.023958 0.089815
0 0.187240 0.317130 0.011979 0.069444
0 0.141927 0.562500 0.016146 0.104630
0 0.320833 0.935648 0.041667 0.128704
0 0.485677 0.787963 0.027604 0.131481
0 0.386458 0.277315 0.011458 0.073148
0 0.375781 0.401389 0.024479 0.087963
0 0.723437 0.464352 0.016667 0.091667
0 0.755469 0.588889 0.019271 0.100000
2 0.942708 0.255093 0.020833 0.045370
3 0.816406 0.520370 0.005729 0.014815
