0 0.243229 0.620833 0.016667 0.100926
0 0.103646 0.526389 0.013542 0.086111
0 0.416146 0.517130 0.017708 0.093519
0 0.499219 0.457407 0.011979 0.075926
0 0.674219 0.552778 0.019271 0.094444
0 0.021875 0.524074 0.035417 0.037037
0 0.212240 0.443056 0.024479 0.071296
0 0.248698 0.574074 0.014063 0.100000
0 0.450781 0.502778 0.015104 0.096296
0 0.545833 0.468056 0.027083 0.078704
0 0.770833 0.552315 0.029167 0.093519
1 0.663542 0.520370 0.027083 0.070370
2 0.243229 0.478704 0.019792 0.088889
3 0.595573 0.458333 0.015104 0.018519
