0 0.067187 0.360185 0.012500 0.090741
0 0.282031 0.541667 0.017188 0.114815
0 0.457813 0.547222 0.034375 0.088889
0 0.795052 0.664352 0.019271 0.112037
0 0.366406 0.408333 0.016146 0.098148
0 0.310417 0.298611 0.016667 0.082407
0 0.616667 0.499074 0.016667 0.096296
0 0.669010 0.433796 0.019271 0.100926
0 0.073177 0.615741 0.022396 0.125926
0 0.197396 0.503241 0.018750 0.104630
0 0.330469 0.505093 0.027604 0.108333
0 0.494792 0.530556 0.030208 0.083333
0 0.322656 0.377315 0.029687 0.086111
0 0.384635 0.331944 0.011979 0.080556
0 0.469531 0.385648 0.018229 0.087963
0 0.527083 0.435648 0.014583 0.084259
0 0.579427 0.393056 0.014063 0.084259
0 0.752344 0.554167 0.021354 0.099074
1 0.809375 0.321296 0.018750 0.059259
3 0.478125 0.601389 0.008333 0.013889
