0 0.078906 0.935648 0.025521 0.128704
0 0.686979 0.707870 0.041667 0.082407
0 0.647917 0.551389 0.030208 0.084259
0 0.910937 0.650926 0.025000 0.087037
0 0.031510 0.298148 0.015104 0.092593
0 0.178906 0.409259 0.019271 0.101852
0 0.231250 0.345370 0.017708 0.098148
0 0.546615 0.875463 0.028646 0.126852
0 0.778906 0.723611 0.030729 0.112037
0 0.010417 0.611574 0.019792 0.099074
0 0.197396 0.367130 0.018750 0.093519
1 0.307031 0.230556 0.020313 0.083333
2 0.006771 0.922222 0.013542 0.151852
3 0.610938 0.876852 0.014583 0.024074
