0 0.256250 0.945833 0.020833 0.108333
0 0.414062 0.430556 0.018750 0.085185
0 0.412500 0.300000 0.008333 0.072222
0 0.188542 0.315278 0.008333 0.078704
0 0.163542 0.617130 0.014583 0.108333
0 0.534896 0.805556 0.029167 0.133333
0 0.765104 0.600926 0.013542 0.107407
0 0.718229 0.499074 0.011458 0.096296
0 0.352083 0.468056 0.015625 0.097222
0 0.488281 0.334259 0.010937 0.085185
0 0.486719 0.407870 0.013021 0.093519
0 0.583073 0.518519 0.013021 0.101852
0 0.601562 0.750463 0.020833 0.115741
0 0.591406 0.700463 0.014063 0.110185
0 0.798177 0.491667 0.011979 0.100000
0 0.686458 0.414352 0.017708 0.084259
0 0.344271 0.318519 0.011458 0.074074
2 0.702344 0.136574 0.013021 0.060185
3 0.204948 0.349537 0.006771 0.012037
