0 0.716146 0.505556 0.019792 0.066667
0 0.193490 0.390741 0.021354 0.061111
0 0.023698 0.437500 0.024479 0.075000
0 0.012500 0.400463 0.022917 0.067593
0 0.089844 0.608796 0.014063 0.108333
0 0.221875 0.667130 0.023958 0.110185
0 0.390885 0.831481 0.018229 0.133333
0 0.395833 0.627315 0.019792 0.099074
0 0.420312 0.663426 0.013542 0.099074
0 0.534896 0.635648 0.016667 0.104630
0 0.678646 0.493056 0.026042 0.067593
0 0.617708 0.517593 0.019792 0.081481
0 0.352604 0.493981 0.010417 0.082407
0 0.319792 0.408796 0.012500 0.069444
0 0.127344 0.546296 0.018229 0.085185
1 0.761979 0.431019 0.023958 0.050926
2 0.244010 0.510648 0.038021 0.099074
3 0.755469 0.537037 0.006771 0.014815
