0 0.253906 0.460185 0.017188 0.111111
0 0.224740 0.528704 0.015104 0.094444
0 0.305208 0.320833 0.021875 0.089815
0 0.659375 0.480093 0.042708 0.056481
0 0.581250 0.518981 0.028125 0.110185
0 0.777083 0.720370 0.029167 0.131481
0 0.710156 0.508796 0.018229 0.091667
0 0.615625 0.397685 0.019792 0.095370
0 0.468750 0.397685 0.020833 0.095370
0 0.373177 0.349537 0.020313 0.089815
0 0.376823 0.489352 0.013021 0.104630
0 0.345052 0.487963 0.030729 0.114815
0 0.181771 0.405556 0.013542 0.101852
0 0.581250 0.483796 0.022917 0.102778
1 0.739062 0.337037 0.015625 0.098148
3 0.657813 0.291667 0.007292 0.011111
