0 0.010937 0.151852 0.010417 0.072222
0 0.428646 0.292593 0.017708 0.083333
0 0.347656 0.237500 0.009896 0.075000
0 0.289323 0.282870 0.021354 0.078704
0 0.706250 0.837500 0.020833 0.125000
0 0.588542 0.534722 0.020833 0.084259
0 0.725260 0.614352 0.022396 0.100926
0 0.514323 0.543519 0.018229 0.074074
0 0.522917 0.477315 0.017708 0.067593
0 0.631250 0.382407 0.019792 0.087037
0 0.385937 0.239352 0.012500 0.071296
0 0.302604 0.338426 0.016667 0.086111
0 0.146875 0.200000 0.013542 0.062963
0 0.046875 0.505556 0.015625 0.094444
0 0.472135 0.284722 0.018229 0.086111
1 0.846875 0.264815 0.020833 0.068519
3 0.480729 0.325926 0.005208 0.011111
