0 0.406510 0.599074 0.023438 0.096296
0 0.596094 0.452778 0.009896 0.100000
0 0.680990 0.852778 0.024479 0.150000
0 0.904427 0.612037 0.023438 0.120370
0 0.068750 0.774537 0.017708 0.143519
0 0.088281 0.334259 0.014063 0.068519
0 0.145573 0.427778 0.020313 0.087037
0 0.812240 0.715741 0.024479 0.129630
0 0.958854 0.595833 0.037500 0.102778
0 0.500260 0.551852 0.014063 0.100000
0 0.504427 0.480093 0.023438 0.082407
0 0.621875 0.443519 0.012500 0.092593
0 0.300521 0.359259 0.018750 0.081481
0 0.316406 0.311574 0.015104 0.069444
0 0.104167 0.488889 0.017708 0.092593
0 0.494792 0.354167 0.013542 0.075000
1 0.777604 0.293056 0.016667 0.075000
2 0.264323 0.472222 0.015104 0.114815
3 0.551823 0.374537 0.009896 0.008333
