0 0.574740 0.593519 0.018229 0.103704
0 0.311719 0.795370 0.016146 0.131481
0 0.654948 0.843056 0.023438 0.128704
0 0.310677 0.373148 0.015104 0.057407
0 0.486979 0.446759 0.015625 0.082407
0 0.699479 0.692593 0.014583 0.118519
0 0.276042 0.792593 0.016667 0.135185
0 0.476823 0.587037 0.010937 0.111111
0 0.528906 0.499537 0.016146 0.089815
0 0.434896 0.412037 0.015625 0.070370
0 0.435156 0.487500 0.019271 0.078704
0 0.476823 0.468981 0.011979 0.082407
0 0.476562 0.428704 0.015625 0.079630
0 0.358073 0.438889 0.015104 0.085185
1 0.658594 0.396296 0.016146 0.074074
3 0.320312 0.331944 0.007292 0.013889
