0 0.810156 0.837500 0.028646 0.121296
0 0.767448 0.766667 0.036979 0.101852
0 0.326562 0.452315 0.007292 0.084259
0 0.043490 0.447222 0.011979 0.083333
0 0.177604 0.283333 0.008333 0.062963
0 0.207031 0.343981 0.026562 0.062037
0 0.234115 0.332870 0.023438 0.062037
0 0.327865 0.358796 0.022396 0.050926
0 0.364323 0.324074 0.020313 0.061111
0 0.727344 0.534259 0.015104 0.094444
0 0.747135 0.534259 0.013021 0.092593
0 0.476042 0.413889 0.014583 0.072222
0 0.256250 0.332870 0.012500 0.065741
0 0.261458 0.307870 0.012500 0.062037
0 0.298698 0.321296 0.014063 0.061111
0 0.320052 0.326852 0.011979 0.066667
0 0.341146 0.339352 0.019792 0.069444
0 0.362500 0.352315 0.018750 0.058333
0 0.390885 0.357870 0.020313 0.069444
1 0.556771 0.288426 0.013542 0.062037
2 0.781510 0.744907 0.023438 0.069444
3 0.841406 0.792130 0.009896 0.017593
