0 0.863802 0.411111 0.024479 0.092593
0 0.752865 0.489815 0.022396 0.109259
0 0.694010 0.577315 0.030729 0.115741
0 0.622135 0.401852 0.032813 0.088889
0 0.350000 0.430093 0.015625 0.102778
0 0.224479 0.462500 0.015625 0.112037
0 0.215625 0.412963 0.015625 0.101852
0 0.867969 0.553704 0.030729 0.120370
0 0.718750 0.468981 0.030208 0.108333
0 0.675781 0.418519 0.024479 0.100000
0 0.705729 0.532407 0.027083 0.112963
0 0.641927 0.490278 0.031771 0.108333
0 0.605208 0.401389 0.021875 0.082407
0 0.437240 0.470370 0.018229 0.103704
0 0.365365 0.423148 0.033854 0.092593
0 0.136458 0.453241 0.029167 0.075000
1 0.938802 0.395370 0.023438 0.098148
2 0.252604 0.448148 0.027083 0.120370
3 0.672656 0.463426 0.010937 0.021296
