0 0.587760 0.436574 0.026562 0.115741
0 0.523698 0.377315 0.016146 0.102778
0 0.522396 0.409259 0.016667 0.112963
0 0.398698 0.355556 0.017188 0.111111
0 0.382552 0.690278 0.033854 0.110185
0 0.316927 0.508333 0.025521 0.116667
0 0.264323 0.449074 0.020313 0.116667
0 0.023958 0.167593 0.018750 0.077778
0 0.633073 0.485185 0.017188 0.127778
0 0.568490 0.500926 0.023438 0.111111
0 0.567448 0.441204 0.028646 0.112037
0 0.577083 0.405093 0.026042 0.097222
0 0.515885 0.370370 0.032813 0.105556
0 0.494531 0.400926 0.016146 0.107407
0 0.428125 0.431481 0.029167 0.100000
0 0.296094 0.511574 0.022396 0.115741
0 0.131771 0.350463 0.014583 0.097222
0 0.045833 0.519907 0.019792 0.113889
1 0.840104 0.378241 0.019792 0.100926
3 0.419010 0.733796 0.011979 0.023148
