0 0.682292 0.543981 0.018750 0.097222
0 0.494531 0.553704 0.014063 0.087037
0 0.425260 0.397685 0.016146 0.082407
0 0.336198 0.497222 0.016146 0.116667
0 0.300000 0.411574 0.012500 0.086111
0 0.342969 0.331481 0.024479 0.081481
0 0.256510 0.296759 0.017188 0.075000
0 0.190365 0.344907 0.015104 0.087963
0 0.160156 0.485185 0.023438 0.101852
0 0.723958 0.631481 0.020833 0.114815
0 0.466406 0.591667 0.017188 0.075926
0 0.539323 0.478704 0.019271 0.092593
0 0.441146 0.423611 0.014583 0.099074
0 0.251823 0.358796 0.016146 0.089815
0 0.154948 0.262500 0.015104 0.080556
0 0.215104 0.550926 0.025000 0.114815
1 0.623177 0.273148 0.014063 0.070370
3 0.147135 0.304167 0.003646 0.010185
