0 0.285677 0.683333 0.024479 0.129630
0 0.520573 0.731944 0.019271 0.134259
0 0.760156 0.747685 0.025521 0.134259
0 0.808073 0.601852 0.027604 0.129630
0 0.827604 0.539815 0.021875 0.124074
0 0.614062 0.413426 0.022917 0.099074
0 0.317708 0.355093 0.025000 0.080556
0 0.164323 0.568519 0.015104 0.120370
0 0.634896 0.688426 0.026042 0.112037
0 0.664583 0.640741 0.019792 0.127778
0 0.486458 0.359259 0.017708 0.100000
0 0.278385 0.342130 0.018229 0.082407
2 0.735677 0.973611 0.020313 0.050926
3 0.289323 0.295833 0.007812 0.013889
