0 0.776302 0.571296 0.022396 0.105556
0 0.727344 0.456944 0.025521 0.102778
0 0.603906 0.402778 0.027604 0.087037
0 0.512500 0.497222 0.031250 0.100000
0 0.436458 0.395370 0.025000 0.088889
0 0.375000 0.337037 0.022917 0.072222
0 0.712240 0.485648 0.026562 0.104630
0 0.517969 0.380093 0.018229 0.087963
0 0.634375 0.670370 0.026042 0.116667
0 0.348438 0.343519 0.017708 0.083333
0 0.162760 0.417593 0.013021 0.098148
0 0.102344 0.566667 0.026562 0.114815
1 0.909635 0.424074 0.019271 0.087037
2 0.077865 0.335648 0.025521 0.099074
3 0.898958 0.346296 0.007292 0.018519
