0 0.646094 0.538889 0.019271 0.094444
0 0.528125 0.462500 0.023958 0.091667
0 0.433594 0.590278 0.026562 0.112037
0 0.321615 0.563889 0.025521 0.112963
0 0.383854 0.360185 0.017708 0.072222
0 0.264583 0.456944 0.035417 0.075000
0 0.202604 0.525000 0.017708 0.112963
0 0.122656 0.352778 0.014063 0.092593
0 0.186719 0.312963 0.015104 0.074074
0 0.653646 0.664815 0.025000 0.120370
0 0.598698 0.529167 0.023438 0.100926
0 0.359896 0.706481 0.034375 0.125926
0 0.415885 0.461574 0.025521 0.093519
0 0.338542 0.372685 0.018750 0.093519
0 0.169792 0.610648 0.022917 0.123148
0 0.068750 0.278704 0.013542 0.087037
1 0.590365 0.283796 0.017188 0.063889
2 0.609896 0.509722 0.020833 0.071296
3 0.869792 0.347685 0.006250 0.012037
