0 0.432812 0.436111 0.025000 0.087037
0 0.387760 0.498611 0.014063 0.119444
0 0.373437 0.376852 0.020833 0.094444
0 0.285938 0.679167 0.021875 0.139815
0 0.072135 0.383796 0.026562 0.110185
0 0.538542 0.709259 0.018750 0.150000
0 0.706771 0.496759 0.016667 0.104630
0 0.690885 0.418519 0.024479 0.094444
0 0.382292 0.482407 0.015625 0.101852
0 0.377604 0.681019 0.019792 0.134259
0 0.715885 0.425000 0.025521 0.085185
0 0.900781 0.670833 0.029687 0.150926
1 0.506250 0.330556 0.019792 0.075926
2 0.376302 0.443981 0.019271 0.054630
3 0.497135 0.369444 0.006771 0.011111
