0 0.806510 0.637500 0.023438 0.108333
0 0.599479 0.525926 0.019792 0.100000
0 0.643750 0.428704 0.025000 0.088889
0 0.569271 0.381944 0.019792 0.093519
0 0.420052 0.452315 0.017188 0.097222
0 0.432812 0.298611 0.015625 0.080556
0 0.258333 0.399537 0.016667 0.091667
0 0.551823 0.636574 0.039062 0.093519
0 0.868490 0.669907 0.020313 0.113889
0 0.528906 0.413426 0.014063 0.086111
0 0.274219 0.331944 0.028646 0.078704
0 0.219531 0.285185 0.018229 0.081481
0 0.249740 0.203241 0.011979 0.067593
0 0.353125 0.640741 0.020833 0.107407
1 0.914583 0.302315 0.020833 0.087963
2 0.004687 0.465278 0.009375 0.113889
3 0.655469 0.467130 0.005729 0.013889
