0 0.523438 0.461574 0.018750 0.110185
0 0.481510 0.349537 0.018229 0.087963
0 0.402865 0.285185 0.020313 0.062963
0 0.162240 0.487037 0.026562 0.103704
0 0.240625 0.423148 0.018750 0.109259
0 0.290885 0.371296 0.024479 0.103704
0 0.333333 0.343981 0.014583 0.091667
0 0.471875 0.509259 0.015625 0.114815
0 0.482812 0.346296 0.028125 0.077778
0 0.506510 0.782870 0.025521 0.136111
0 0.345052 0.395370 0.024479 0.100000
0 0.166667 0.234722 0.011458 0.082407
1 0.551562 0.354630 0.015625 0.105556
3 0.933594 0.479167 0.008854 0.015741
