0 0.352344 0.705903 0.029687 0.071528
0 0.346289 0.490278 0.022266 0.073611
0 0.501563 0.361111 0.015625 0.069444
0 0.862891 0.855903 0.038281 0.093750
0 0.724023 0.553472 0.021484 0.076389
0 0.753320 0.445139 0.018359 0.069444
0 0.828320 0.238889 0.018359 0.054167
0 0.235156 0.752431 0.032031 0.082639
0 0.468750 0.531944 0.016406 0.077778
0 0.595508 0.353472 0.019141 0.065278
0 0.849805 0.903472 0.029297 0.115278
0 0.904883 0.637153 0.024609 0.085417
1 0.161133 0.314236 0.016016 0.060417
2 0.277539 0.201736 0.015234 0.060417
3 0.201367 0.741667 0.008203 0.013889
