0 0.673177 0.590278 0.019271 0.123148
0 0.601302 0.489815 0.033854 0.090741
0 0.566406 0.448611 0.036979 0.095370
0 0.506250 0.588426 0.033333 0.110185
0 0.335156 0.675463 0.024479 0.117593
0 0.316927 0.523611 0.025521 0.117593
0 0.232292 0.450926 0.029167 0.101852
0 0.367708 0.351389 0.027083 0.080556
0 0.871094 0.578241 0.027604 0.100926
0 0.506771 0.495833 0.020833 0.093519
0 0.188802 0.681019 0.041146 0.110185
0 0.392448 0.401389 0.023438 0.084259
0 0.171615 0.260648 0.023438 0.071296
0 0.106250 0.337963 0.014583 0.090741
1 0.871354 0.353241 0.018750 0.091667
2 0.118490 0.430556 0.030729 0.116667
3 0.820833 0.597222 0.011458 0.016667
