0 0.954948 0.763426 0.020313 0.125000
0 0.455990 0.425000 0.016146 0.085185
0 0.434896 0.372222 0.012500 0.079630
0 0.391406 0.584722 0.015104 0.102778
0 0.287760 0.303241 0.013021 0.078704
0 0.083594 0.465278 0.017188 0.099074
0 0.031250 0.288889 0.016667 0.077778
0 0.814844 0.568056 0.015104 0.097222
0 0.552344 0.441204 0.018229 0.086111
0 0.482292 0.367130 0.014583 0.080556
0 0.444531 0.350463 0.019271 0.082407
0 0.451302 0.571759 0.024479 0.076852
0 0.365104 0.467593 0.015625 0.096296
0 0.316146 0.304167 0.010417 0.071296
0 0.212240 0.363889 0.022396 0.081481
0 0.097917 0.571759 0.014583 0.112037
1 0.791667 0.320833 0.014583 0.062037
3 0.734115 0.269444 0.006771 0.011111
