0 0.579948 0.647685 0.023438 0.112037
0 0.572656 0.518056 0.019271 0.102778
0 0.556250 0.492593 0.016667 0.105556
0 0.411198 0.552778 0.034896 0.101852
0 0.488281 0.488426 0.025521 0.095370
0 0.507031 0.434259 0.024479 0.096296
0 0.405990 0.415741 0.014063 0.083333
0 0.395052 0.494907 0.038021 0.084259
0 0.352083 0.438889 0.022917 0.079630
0 0.367188 0.395370 0.021875 0.088889
0 0.017969 0.371296 0.015104 0.085185
0 0.066406 0.541204 0.021354 0.093519
0 0.247656 0.462500 0.026562 0.073148
0 0.337500 0.513426 0.019792 0.043519
0 0.440885 0.450463 0.034896 0.084259
0 0.452865 0.424537 0.016146 0.091667
0 0.542708 0.543056 0.022917 0.110185
0 0.615365 0.477315 0.024479 0.099074
1 0.665625 0.384722 0.011458 0.091667
2 0.083854 0.416667 0.018750 0.101852
3 0.338542 0.322685 0.009375 0.015741
