0 0.120573 0.318981 0.010937 0.078704
0 0.126562 0.416204 0.017708 0.097222
0 0.224219 0.523611 0.032813 0.104630
0 0.484375 0.606019 0.017708 0.117593
0 0.292708 0.252315 0.010417 0.067593
0 0.472656 0.277315 0.017188 0.071296
0 0.787760 0.448611 0.008854 0.093519
0 0.857552 0.455556 0.019271 0.090741
0 0.335938 0.283333 0.017708 0.075926
0 0.385417 0.364352 0.012500 0.086111
0 0.410938 0.291204 0.008333 0.065741
0 0.573438 0.358333 0.015625 0.092593
0 0.683333 0.375926 0.010417 0.090741
0 0.748437 0.428241 0.012500 0.100926
0 0.810677 0.443981 0.015104 0.089815
0 0.840885 0.483333 0.010937 0.105556
0 0.859635 0.466204 0.013021 0.097222
3 0.120313 0.462963 0.006250 0.009259
