0 0.133333 0.450463 0.027083 0.082407
0 0.252344 0.521296 0.015104 0.105556
0 0.321094 0.398611 0.022396 0.095370
0 0.468229 0.673148 0.019792 0.109259
0 0.379688 0.437963 0.015625 0.087037
0 0.389583 0.481481 0.022917 0.090741
0 0.438542 0.498611 0.016667 0.087963
0 0.524740 0.560648 0.018229 0.113889
0 0.541146 0.499074 0.013542 0.090741
0 0.108333 0.489352 0.011458 0.099074
0 0.220573 0.463889 0.020313 0.083333
0 0.346875 0.644907 0.017708 0.121296
0 0.385156 0.491204 0.016146 0.093519
0 0.597917 0.563426 0.020833 0.110185
1 0.602083 0.411574 0.023958 0.058333
2 0.941146 0.976389 0.026042 0.045370
3 0.605990 0.615278 0.005729 0.013889
