0 0.123698 0.552778 0.017188 0.107407
0 0.274219 0.207407 0.016146 0.053704
0 0.465104 0.655093 0.016667 0.121296
0 0.540104 0.473148 0.015625 0.094444
0 0.564323 0.490741 0.014063 0.107407
0 0.587500 0.495833 0.026042 0.089815
0 0.630729 0.380093 0.017708 0.087963
0 0.709635 0.402778 0.020313 0.090741
0 0.291406 0.441667 0.010937 0.094444
0 0.465885 0.517593 0.016146 0.101852
0 0.551042 0.482870 0.022917 0.091667
0 0.614844 0.466204 0.018229 0.093519
0 0.835417 0.527315 0.014583 0.102778
0 0.595833 0.375926 0.013542 0.070370
0 0.671094 0.375926 0.025521 0.083333
0 0.741667 0.441667 0.013542 0.096296
0 0.710677 0.419907 0.010937 0.093519
1 0.745313 0.394444 0.014583 0.096296
2 0.529948 0.479167 0.013021 0.086111
