0 0.771094 0.549074 0.025521 0.085185
0 0.089583 0.552315 0.018750 0.108333
0 0.191146 0.352778 0.017708 0.087037
0 0.428385 0.555093 0.025521 0.080556
0 0.283594 0.288426 0.010937 0.076852
0 0.498698 0.431481 0.016146 0.088889
0 0.327083 0.456481 0.017708 0.098148
0 0.439063 0.354630 0.017708 0.085185
0 0.413802 0.333333 0.019271 0.087037
0 0.929427 0.793519 0.023438 0.133333
0 0.011719 0.276852 0.015104 0.077778
0 0.090625 0.446759 0.018750 0.097222
0 0.357812 0.575000 0.015625 0.112963
0 0.269792 0.286574 0.019792 0.076852
0 0.413021 0.418056 0.030208 0.087963
0 0.403125 0.353241 0.013542 0.076852
1 0.788802 0.309722 0.019271 0.067593
3 0.589844 0.404630 0.005729 0.005556
