0 0.181250 0.717130 0.022917 0.113889
0 0.671094 0.706481 0.026562 0.111111
0 0.329167 0.306944 0.012500 0.071296
0 0.108333 0.238426 0.008333 0.078704
0 0.074479 0.147222 0.010417 0.059259
0 0.575000 0.650463 0.026042 0.073148
0 0.530990 0.504630 0.025521 0.092593
0 0.557031 0.374537 0.018229 0.078704
0 0.426042 0.290278 0.018750 0.076852
0 0.327344 0.253241 0.009896 0.073148
0 0.077865 0.352315 0.020313 0.089815
0 0.241406 0.394444 0.021354 0.090741
0 0.713802 0.656481 0.022396 0.100000
1 0.803125 0.250463 0.018750 0.075000
2 0.151042 0.348611 0.026042 0.100926
3 0.489844 0.714815 0.011979 0.016667
