0 0.200781 0.625000 0.040104 0.142593
0 0.333594 0.463426 0.022396 0.117593
0 0.481771 0.332407 0.025000 0.101852
0 0.793490 0.471759 0.017188 0.113889
0 0.707292 0.657407 0.052083 0.148148
0 0.645833 0.460185 0.021875 0.114815
0 0.567708 0.381944 0.026042 0.112037
0 0.539062 0.353704 0.034375 0.101852
0 0.473177 0.448611 0.027604 0.125000
0 0.128385 0.306944 0.041146 0.110185
0 0.186458 0.558333 0.027083 0.131481
0 0.200781 0.482870 0.017188 0.128704
0 0.019010 0.350463 0.015104 0.106481
1 0.742708 0.517593 0.023958 0.094444
2 0.015625 0.430556 0.031250 0.146296
3 0.927865 0.604167 0.016146 0.023148
