0 0.355208 0.337037 0.012500 0.055556
0 0.405469 0.509722 0.028646 0.054630
0 0.381250 0.610648 0.013542 0.084259
0 0.586198 0.731481 0.013021 0.092593
0 0.747656 0.597222 0.013021 0.090741
0 0.934896 0.388889 0.012500 0.074074
0 0.611719 0.130093 0.007812 0.049074
0 0.401823 0.246759 0.007812 0.056481
0 0.272135 0.286574 0.010937 0.058333
0 0.271875 0.350926 0.010417 0.064815
0 0.209896 0.502778 0.011458 0.068519
0 0.440885 0.454630 0.013021 0.064815
0 0.491406 0.588426 0.018229 0.076852
0 0.669792 0.791667 0.014583 0.094444
0 0.895573 0.500000 0.010937 0.079630
0 0.887500 0.354630 0.013542 0.061111
0 0.444792 0.251389 0.012500 0.056481
0 0.352865 0.610185 0.015104 0.061111
2 0.700781 0.484259 0.021354 0.077778
3 0.211719 0.532407 0.006771 0.012963
