0 0.374219 0.828241 0.044271 0.160185
0 0.621094 0.812963 0.026562 0.175926
0 0.337500 0.595833 0.025000 0.134259
0 0.301563 0.485185 0.012500 0.127778
0 0.260156 0.437500 0.021354 0.126852
0 0.390885 0.501389 0.013021 0.123148
0 0.425000 0.443056 0.022917 0.119444
0 0.888021 0.753704 0.025000 0.150000
0 0.011458 0.437963 0.017708 0.111111
0 0.060677 0.666667 0.019271 0.150000
0 0.126823 0.916204 0.038021 0.167593
0 0.406771 0.525463 0.025000 0.112037
0 0.586198 0.457407 0.029687 0.120370
1 0.667448 0.489815 0.048438 0.053704
2 0.163281 0.629167 0.036979 0.167593
3 0.745573 0.480556 0.008854 0.014815
