0 0.218490 0.410185 0.016146 0.111111
0 0.214062 0.266667 0.010417 0.090741
0 0.429167 0.360185 0.016667 0.081481
0 0.514844 0.444444 0.029687 0.083333
0 0.608854 0.601389 0.031250 0.100926
0 0.643750 0.441667 0.018750 0.109259
0 0.365625 0.406944 0.016667 0.100926
0 0.329948 0.464815 0.016146 0.101852
0 0.315104 0.327315 0.017708 0.091667
0 0.403125 0.292130 0.020833 0.087963
0 0.501042 0.359259 0.018750 0.098148
0 0.010677 0.434259 0.016146 0.109259
1 0.579427 0.412963 0.020313 0.038889
3 0.381510 0.530556 0.009896 0.009259
