0 0.830990 0.666204 0.049479 0.397222
0 0.437760 0.496296 0.048438 0.359259
0 0.282813 0.507870 0.041667 0.328704
0 0.393490 0.463889 0.034896 0.307407
0 0.441667 0.369444 0.030208 0.292593
0 0.755208 0.585185 0.048958 0.368519
0 0.615885 0.512037 0.053646 0.355556
0 0.513802 0.483796 0.055729 0.317593
0 0.482031 0.508333 0.032813 0.309259
0 0.323698 0.425463 0.040104 0.302778
0 0.351042 0.371759 0.032292 0.341667
0 0.271094 0.337500 0.031771 0.321296
0 0.445052 0.402315 0.031771 0.249074
2 0.429167 0.337963 0.038542 0.066667
3 0.735938 0.556019 0.011458 0.021296
