0 0.704427 0.737037 0.019271 0.146296
0 0.695573 0.504167 0.024479 0.112037
0 0.429688 0.594907 0.026042 0.121296
0 0.434635 0.289352 0.007812 0.091667
0 0.595052 0.600463 0.025521 0.110185
0 0.486198 0.487500 0.016146 0.102778
0 0.727344 0.504167 0.029687 0.095370
0 0.367448 0.619444 0.030729 0.122222
0 0.350000 0.369444 0.014583 0.092593
0 0.361979 0.250463 0.010417 0.080556
0 0.233854 0.253241 0.018750 0.086111
0 0.230469 0.199074 0.010937 0.070370
0 0.488542 0.304167 0.013542 0.087963
1 0.661719 0.193056 0.010937 0.082407
2 0.202083 0.380556 0.021875 0.116667
3 0.656250 0.756019 0.014583 0.023148
