0 0.434375 0.707870 0.023958 0.134259
0 0.521615 0.412037 0.014063 0.100000
0 0.404687 0.318056 0.017708 0.084259
0 0.288542 0.366667 0.032292 0.081481
0 0.052344 0.317130 0.028646 0.100926
0 0.596875 0.424537 0.013542 0.104630
0 0.434375 0.396759 0.033333 0.117593
0 0.483333 0.368519 0.045833 0.025926
0 0.341406 0.356019 0.030729 0.102778
0 0.243490 0.517130 0.021354 0.102778
0 0.175260 0.424074 0.029687 0.112963
0 0.209896 0.378241 0.023958 0.104630
1 0.653125 0.375463 0.021875 0.071296
3 0.644792 0.404167 0.009375 0.025000
