0 0.429688 0.603704 0.016667 0.100000
0 0.323177 0.512963 0.015104 0.098148
0 0.221094 0.427778 0.015104 0.088889
0 0.090365 0.366204 0.018229 0.078704
0 0.044010 0.455556 0.016146 0.107407
0 0.066927 0.526389 0.021354 0.062037
0 0.122135 0.515741 0.016146 0.096296
0 0.309635 0.933796 0.030729 0.132407
0 0.194792 0.409722 0.013542 0.091667
0 0.039583 0.388426 0.018750 0.093519
0 0.036198 0.543519 0.021354 0.109259
1 0.626563 0.385185 0.030208 0.087037
2 0.944010 0.387037 0.015104 0.048148
3 0.870573 0.441667 0.006771 0.011111
