0 0.176042 0.616667 0.022917 0.155556
0 0.013542 0.378241 0.025000 0.110185
0 0.092708 0.304630 0.022917 0.079630
0 0.469010 0.415741 0.018229 0.109259
0 0.683854 0.452778 0.017708 0.118519
0 0.351562 0.320833 0.012500 0.087963
0 0.334635 0.336574 0.023438 0.095370
0 0.179948 0.381944 0.022396 0.110185
0 0.380990 0.459259 0.024479 0.111111
0 0.561198 0.410185 0.017188 0.111111
0 0.518750 0.378704 0.032292 0.105556
0 0.304167 0.323148 0.016667 0.081481
0 0.359375 0.319444 0.019792 0.100000
0 0.333073 0.363889 0.040104 0.033333
0 0.679948 0.442130 0.014063 0.128704
1 0.710156 0.372222 0.017188 0.109259
3 0.219531 0.391204 0.010937 0.015741
