0 0.864062 0.762963 0.014583 0.135185
0 0.436198 0.555093 0.022396 0.106481
0 0.453125 0.485185 0.016667 0.085185
0 0.351823 0.434259 0.017188 0.077778
0 0.232031 0.347685 0.016146 0.087963
0 0.023698 0.482870 0.020313 0.099074
0 0.758594 0.593981 0.017188 0.104630
0 0.411719 0.585185 0.020313 0.096296
0 0.361979 0.522685 0.022917 0.093519
0 0.156250 0.416667 0.019792 0.090741
0 0.288802 0.361111 0.018229 0.079630
0 0.505208 0.492130 0.021875 0.060185
0 0.464323 0.444444 0.019271 0.064815
0 0.418490 0.417593 0.018229 0.077778
1 0.705208 0.362963 0.016667 0.064815
2 0.079167 0.543981 0.036458 0.113889
3 0.640885 0.306019 0.005729 0.010185
