0 0.625521 0.739352 0.017708 0.132407
0 0.564063 0.459722 0.020833 0.087963
0 0.386458 0.426852 0.018750 0.083333
0 0.313802 0.402315 0.025521 0.080556
0 0.242969 0.300000 0.014063 0.068519
0 0.580208 0.435648 0.015625 0.091667
0 0.495833 0.388426 0.025000 0.080556
0 0.269792 0.455093 0.014583 0.095370
0 0.292187 0.397685 0.031250 0.104630
0 0.322135 0.367593 0.029687 0.083333
0 0.344531 0.337963 0.019271 0.066667
0 0.117969 0.335185 0.024479 0.070370
0 0.023177 0.395370 0.026562 0.094444
1 0.597396 0.348148 0.019792 0.074074
3 0.248698 0.344907 0.007812 0.015741
