0 0.664844 0.692130 0.021354 0.125000
0 0.451562 0.680556 0.028125 0.137037
0 0.714583 0.560648 0.019792 0.089815
0 0.515365 0.500000 0.015104 0.081481
0 0.276823 0.409722 0.015104 0.087963
0 0.381771 0.311111 0.019792 0.070370
0 0.271354 0.275926 0.009375 0.081481
0 0.147656 0.287037 0.014063 0.087037
0 0.133073 0.237500 0.006771 0.073148
0 0.710938 0.755556 0.020833 0.142593
0 0.680469 0.558796 0.038021 0.102778
0 0.392448 0.592593 0.018229 0.111111
0 0.342187 0.319907 0.019792 0.082407
1 0.521615 0.225463 0.009896 0.076852
2 0.904948 0.203241 0.019271 0.049074
3 0.517969 0.264815 0.006771 0.009259
