0 0.220508 0.592014 0.013672 0.079861
0 0.408594 0.734722 0.031250 0.088889
0 0.721875 0.689583 0.013281 0.091667
0 0.559570 0.509722 0.020703 0.073611
0 0.397656 0.427778 0.012500 0.073611
0 0.669531 0.386111 0.017188 0.066667
0 0.562305 0.312500 0.015234 0.075000
0 0.727148 0.227431 0.016797 0.061806
0 0.144922 0.707986 0.019531 0.092361
0 0.410156 0.815625 0.017969 0.104861
0 0.434766 0.566667 0.031250 0.079167
0 0.399805 0.471875 0.016016 0.075694
0 0.694922 0.816319 0.015625 0.109028
0 0.822852 0.464931 0.018359 0.082639
1 0.325000 0.236111 0.009375 0.058333
2 0.037500 0.963542 0.039844 0.072917
3 0.719141 0.258681 0.004687 0.006250
