0 0.702865 0.513889 0.025521 0.096296
0 0.605729 0.631944 0.032292 0.117593
0 0.502865 0.481481 0.029687 0.105556
0 0.395313 0.649074 0.030208 0.127778
0 0.454948 0.306481 0.014063 0.087037
0 0.330469 0.266204 0.013021 0.080556
0 0.327083 0.385648 0.014583 0.091667
0 0.210156 0.268981 0.011979 0.093519
0 0.200781 0.215741 0.011979 0.074074
0 0.667448 0.513426 0.029687 0.093519
0 0.702604 0.743519 0.039583 0.144444
0 0.444531 0.618056 0.021354 0.112037
0 0.395833 0.295833 0.012500 0.086111
1 0.615625 0.208796 0.013542 0.082407
2 0.169010 0.391204 0.018229 0.113889
3 0.615885 0.251852 0.005729 0.009259
