0 0.289583 0.303241 0.017708 0.089815
0 0.153385 0.258796 0.013021 0.086111
0 0.093229 0.239815 0.014583 0.079630
0 0.186458 0.381019 0.026042 0.091667
0 0.633073 0.719907 0.031771 0.110185
0 0.634635 0.546296 0.016146 0.096296
0 0.863021 0.740278 0.029167 0.102778
0 0.210156 0.318519 0.013021 0.088889
0 0.045833 0.270833 0.010417 0.089815
0 0.018229 0.287963 0.013542 0.083333
0 0.440885 0.790278 0.018229 0.119444
0 0.888281 0.746759 0.021354 0.102778
1 0.389583 0.224074 0.013542 0.079630
3 0.906510 0.773611 0.009896 0.015741
