0 0.738802 0.642130 0.032813 0.110185
0 0.489323 0.557407 0.018229 0.074074
0 0.557813 0.490741 0.013542 0.088889
0 0.561719 0.425463 0.014063 0.093519
0 0.226823 0.544907 0.016146 0.113889
0 0.304688 0.393519 0.012500 0.090741
0 0.245573 0.290741 0.009896 0.077778
0 0.319010 0.482407 0.026562 0.103704
0 0.423438 0.422222 0.014583 0.079630
0 0.486458 0.393981 0.013542 0.078704
0 0.392188 0.373148 0.019792 0.087037
0 0.298958 0.329167 0.017708 0.076852
0 0.258073 0.370833 0.011979 0.089815
0 0.141927 0.492130 0.024479 0.100926
0 0.685677 0.540741 0.016146 0.077778
0 0.499479 0.548611 0.030208 0.078704
1 0.717448 0.307407 0.011979 0.059259
2 0.124740 0.431019 0.017188 0.073148
3 0.474219 0.602315 0.007812 0.015741
