0 0.144010 0.343519 0.017188 0.094444
0 0.140104 0.587963 0.014583 0.109259
0 0.106250 0.938426 0.018750 0.123148
0 0.881771 0.743981 0.020833 0.113889
0 0.749479 0.671296 0.019792 0.085185
0 0.780729 0.625000 0.014583 0.114815
0 0.418750 0.426852 0.013542 0.100000
0 0.139323 0.938889 0.017188 0.122222
0 0.598698 0.823148 0.016146 0.138889
0 0.587760 0.675463 0.021354 0.112037
0 0.536198 0.544444 0.010937 0.112963
0 0.489844 0.471759 0.024479 0.093519
0 0.470313 0.394907 0.017708 0.091667
0 0.316406 0.336111 0.016146 0.096296
0 0.225781 0.315278 0.019271 0.076852
0 0.772135 0.612037 0.026562 0.087037
1 0.574479 0.275463 0.012500 0.087963
3 0.816927 0.751389 0.011979 0.019444
