0 0.876302 0.523148 0.017188 0.120370
0 0.831771 0.476852 0.014583 0.116667
0 0.464323 0.379630 0.010937 0.096296
0 0.514583 0.562037 0.017708 0.124074
0 0.466927 0.864815 0.016146 0.172222
0 0.273438 0.394907 0.026042 0.073148
0 0.112240 0.287500 0.023438 0.075000
0 0.188021 0.459259 0.017708 0.107407
0 0.199479 0.368981 0.021875 0.095370
0 0.304167 0.312963 0.014583 0.070370
0 0.515885 0.429630 0.015104 0.096296
0 0.529687 0.368519 0.028125 0.074074
0 0.693750 0.475463 0.017708 0.110185
0 0.790885 0.432407 0.026562 0.100000
0 0.782292 0.675463 0.015625 0.137963
0 0.910937 0.518981 0.015625 0.112037
1 0.937500 0.340741 0.016667 0.098148
2 0.298698 0.470833 0.027604 0.125000
3 0.378125 0.410648 0.009375 0.015741
