0 0.308594 0.317130 0.013021 0.095370
0 0.501823 0.411574 0.014063 0.104630
0 0.438542 0.355093 0.012500 0.097222
0 0.193229 0.439815 0.018750 0.105556
0 0.395573 0.718981 0.024479 0.108333
0 0.282031 0.481481 0.025521 0.098148
0 0.463542 0.381944 0.014583 0.091667
0 0.528906 0.539352 0.022396 0.110185
0 0.561719 0.486574 0.015104 0.121296
0 0.406771 0.456944 0.027083 0.110185
0 0.263542 0.523148 0.020833 0.105556
0 0.056771 0.346759 0.026042 0.093519
0 0.450260 0.408796 0.027604 0.102778
0 0.488802 0.382870 0.022396 0.093519
0 0.454167 0.364815 0.015625 0.083333
0 0.423958 0.345370 0.014583 0.096296
1 0.746875 0.359722 0.026042 0.089815
3 0.415885 0.760648 0.011979 0.019444
