0 0.390885 0.639815 0.026562 0.127778
0 0.025000 0.515278 0.018750 0.117593
0 0.363802 0.416667 0.015104 0.098148
0 0.617188 0.485648 0.016667 0.115741
0 0.541146 0.450000 0.028125 0.101852
0 0.561458 0.436111 0.018750 0.100000
0 0.851823 0.546759 0.017188 0.128704
0 0.362760 0.402315 0.011979 0.104630
0 0.278385 0.491667 0.015104 0.116667
0 0.312500 0.395370 0.020833 0.100000
0 0.329688 0.390741 0.020833 0.088889
0 0.412240 0.437500 0.013021 0.115741
0 0.594792 0.470833 0.018750 0.113889
0 0.717708 0.528704 0.020833 0.122222
0 0.354948 0.408333 0.014063 0.105556
0 0.337500 0.362037 0.020833 0.098148
0 0.362500 0.390278 0.012500 0.115741
1 0.740625 0.458796 0.033333 0.047222
2 0.556250 0.126389 0.023958 0.062037
3 0.572656 0.308796 0.007812 0.017593
