0 0.428646 0.606019 0.015625 0.113889
0 0.530990 0.472685 0.018229 0.086111
0 0.398438 0.420370 0.014583 0.085185
0 0.235417 0.347222 0.027083 0.070370
0 0.124219 0.250000 0.017188 0.075926
0 0.210938 0.548611 0.014583 0.108333
0 0.681771 0.625926 0.015625 0.114815
0 0.485156 0.562963 0.028646 0.092593
0 0.311198 0.500000 0.014063 0.103704
0 0.259896 0.404167 0.012500 0.080556
0 0.299740 0.322685 0.014063 0.080556
0 0.220833 0.285648 0.018750 0.067593
0 0.157552 0.335185 0.018229 0.083333
0 0.163542 0.480093 0.016667 0.106481
0 0.411719 0.401389 0.010937 0.080556
0 0.677865 0.560648 0.022396 0.097222
1 0.582812 0.260185 0.015625 0.064815
3 0.220052 0.382870 0.006771 0.015741
