0 0.311458 0.588889 0.019792 0.124074
0 0.325000 0.433796 0.023958 0.095370
0 0.881510 0.620370 0.029687 0.133333
0 0.682813 0.430093 0.033333 0.089815
0 0.010937 0.318981 0.021875 0.080556
0 0.109635 0.368981 0.018229 0.106481
0 0.260937 0.659259 0.016667 0.129630
0 0.533854 0.674537 0.018750 0.145370
0 0.371354 0.378704 0.028125 0.077778
0 0.416667 0.404630 0.015625 0.094444
0 0.405208 0.456944 0.018750 0.093519
0 0.698958 0.469444 0.029167 0.081481
0 0.660937 0.418519 0.014583 0.100000
1 0.464844 0.332407 0.021354 0.077778
2 0.519531 0.654630 0.010937 0.055556
3 0.754167 0.515741 0.009375 0.016667
