0 0.239063 0.393519 0.019792 0.087037
0 0.431510 0.354167 0.022396 0.080556
0 0.452604 0.490278 0.021875 0.104630
0 0.695573 0.593056 0.017188 0.119444
0 0.370312 0.310648 0.025000 0.071296
0 0.044010 0.455093 0.018229 0.100926
0 0.634375 0.459259 0.020833 0.094444
0 0.492448 0.358796 0.036979 0.087963
0 0.349219 0.494907 0.016146 0.100926
0 0.348177 0.403241 0.029687 0.091667
0 0.408854 0.310185 0.013542 0.085185
0 0.361198 0.342130 0.019271 0.082407
1 0.679688 0.389815 0.027083 0.066667
2 0.010417 0.358796 0.020833 0.106481
3 0.538021 0.392130 0.010417 0.013889
