0 0.469792 0.912037 0.021875 0.172222
0 0.647917 0.579630 0.013542 0.135185
0 0.078646 0.420370 0.012500 0.124074
0 0.860156 0.461574 0.016146 0.119444
0 0.683333 0.403241 0.030208 0.106481
0 0.649740 0.338426 0.014063 0.099074
0 0.211979 0.332407 0.019792 0.107407
0 0.436719 0.337500 0.035937 0.082407
0 0.373698 0.322222 0.017188 0.081481
0 0.312760 0.280093 0.013021 0.093519
0 0.256250 0.855556 0.026042 0.188889
0 0.377344 0.508333 0.013021 0.135185
0 0.833594 0.478704 0.015104 0.135185
0 0.795052 0.424537 0.028646 0.100926
0 0.543229 0.350926 0.026042 0.077778
0 0.273958 0.321759 0.014583 0.099074
0 0.218750 0.283796 0.014583 0.075000
1 0.894792 0.331481 0.019792 0.092593
2 0.764583 0.119907 0.014583 0.078704
3 0.497396 0.385185 0.010417 0.012963
