0 0.009635 0.596759 0.017188 0.115741
0 0.523698 0.535185 0.021354 0.103704
0 0.446354 0.428704 0.021875 0.098148
0 0.739844 0.466667 0.013021 0.103704
0 0.665885 0.373611 0.029687 0.086111
0 0.748437 0.318519 0.010417 0.087037
0 0.762760 0.289352 0.011979 0.087963
0 0.874740 0.306944 0.015104 0.087963
0 0.872917 0.262963 0.012500 0.077778
0 0.423958 0.454167 0.030208 0.071296
0 0.549219 0.529630 0.030729 0.087037
0 0.617448 0.456019 0.031771 0.095370
0 0.633854 0.398148 0.012500 0.092593
0 0.676823 0.357407 0.025521 0.079630
0 0.717969 0.339815 0.022396 0.079630
0 0.780729 0.319907 0.023958 0.084259
0 0.796875 0.306019 0.018750 0.082407
0 0.823438 0.292593 0.016667 0.081481
0 0.863542 0.275926 0.014583 0.074074
1 0.502604 0.282407 0.018750 0.075926
2 0.953906 0.538426 0.029687 0.134259
3 0.423177 0.570833 0.014063 0.015741
