0 0.156771 0.368056 0.017708 0.089815
0 0.316927 0.414815 0.021354 0.088889
0 0.373437 0.269444 0.014583 0.077778
0 0.572917 0.510185 0.017708 0.103704
0 0.587760 0.647222 0.027604 0.103704
0 0.738542 0.650926 0.010417 0.116667
0 0.477344 0.321296 0.013021 0.081481
0 0.600260 0.390278 0.018229 0.084259
0 0.267969 0.670833 0.025521 0.104630
0 0.099479 0.292593 0.018750 0.081481
0 0.156771 0.256944 0.012500 0.080556
0 0.146354 0.168519 0.015625 0.061111
0 0.408073 0.349537 0.022396 0.078704
0 0.758854 0.706019 0.016667 0.119444
1 0.839844 0.267130 0.021354 0.084259
2 0.203646 0.362037 0.017708 0.103704
3 0.402083 0.687500 0.009375 0.015741
