0 0.298698 0.345833 0.014063 0.104630
0 0.134896 0.644907 0.020833 0.152778
0 0.319531 0.558796 0.021354 0.132407
0 0.448958 0.531944 0.016667 0.113889
0 0.446615 0.471296 0.020313 0.112963
0 0.526302 0.607870 0.017188 0.136111
0 0.542969 0.546759 0.016146 0.128704
0 0.568490 0.568519 0.025521 0.133333
0 0.090104 0.319444 0.017708 0.114815
0 0.312500 0.616204 0.019792 0.125000
0 0.445312 0.887500 0.025000 0.165741
0 0.387760 0.457870 0.015104 0.121296
0 0.905729 0.824537 0.013542 0.149074
0 0.730208 0.497222 0.019792 0.127778
1 0.607552 0.391667 0.021354 0.066667
3 0.327083 0.262963 0.009375 0.014815
