0 0.753125 0.606481 0.021875 0.111111
0 0.329948 0.530556 0.017188 0.105556
0 0.291927 0.364352 0.026562 0.078704
0 0.442708 0.353241 0.011458 0.075000
0 0.357552 0.280556 0.021354 0.059259
0 0.673958 0.450926 0.021875 0.092593
0 0.502865 0.360648 0.022396 0.078704
0 0.269271 0.545833 0.014583 0.102778
0 0.423698 0.401389 0.018229 0.086111
0 0.414062 0.304630 0.015625 0.068519
0 0.353906 0.316204 0.017188 0.076852
0 0.008594 0.450926 0.017188 0.096296
1 0.797396 0.340278 0.014583 0.084259
2 0.046615 0.381481 0.029687 0.101852
