0 0.192773 0.593056 0.015234 0.084722
0 0.292578 0.705903 0.017969 0.095139
0 0.599609 0.732639 0.020313 0.094444
0 0.412695 0.545486 0.023828 0.079861
0 0.383398 0.461111 0.020703 0.062500
0 0.461328 0.366319 0.014844 0.065972
0 0.528125 0.475694 0.024219 0.061111
0 0.615820 0.277431 0.010547 0.061806
0 0.954492 0.621875 0.014453 0.093750
0 0.036328 0.754861 0.015625 0.108333
0 0.339062 0.847569 0.014844 0.107639
0 0.649609 0.915625 0.016406 0.117361
0 0.318555 0.529167 0.016016 0.079167
0 0.477930 0.532986 0.018359 0.071528
0 0.581836 0.429514 0.018359 0.071528
0 0.962500 0.381944 0.021875 0.076389
1 0.223242 0.279514 0.016797 0.057639
2 0.167773 0.135764 0.012109 0.067361
3 0.463086 0.547917 0.007422 0.015278
