0 0.140885 0.508796 0.020313 0.117593
0 0.392708 0.801389 0.026042 0.132407
0 0.486979 0.465741 0.019792 0.116667
0 0.544531 0.437037 0.016146 0.107407
0 0.527865 0.388426 0.020313 0.084259
0 0.444010 0.358333 0.025521 0.081481
0 0.366146 0.322222 0.014583 0.087037
0 0.141406 0.244444 0.014063 0.087037
0 0.291667 0.630093 0.029167 0.119444
0 0.487240 0.751389 0.036979 0.149074
0 0.450260 0.532407 0.016146 0.122222
0 0.553385 0.506481 0.021354 0.120370
0 0.411979 0.341667 0.013542 0.087037
0 0.497135 0.381019 0.023438 0.104630
0 0.497396 0.361111 0.021875 0.090741
0 0.552344 0.374074 0.016146 0.101852
0 0.185156 0.350926 0.011979 0.101852
1 0.685937 0.372222 0.019792 0.090741
2 0.012760 0.413426 0.024479 0.130556
3 0.681510 0.349537 0.004687 0.012037
