0 0.633073 0.719444 0.016146 0.120370
0 0.082031 0.800000 0.018229 0.118519
0 0.237500 0.248611 0.018750 0.065741
0 0.079427 0.202315 0.008854 0.076852
0 0.003646 0.108333 0.007292 0.066667
0 0.442708 0.613889 0.032292 0.105556
0 0.695833 0.670833 0.030208 0.084259
0 0.413802 0.470370 0.025521 0.100000
0 0.488802 0.353704 0.023438 0.083333
0 0.354427 0.252778 0.024479 0.074074
0 0.154427 0.365741 0.023438 0.094444
0 0.284635 0.219907 0.009896 0.080556
1 0.787240 0.214815 0.023438 0.074074
2 0.076563 0.311111 0.025000 0.101852
3 0.502344 0.393056 0.007812 0.013889
