0 0.445833 0.413426 0.012500 0.086111
0 0.523438 0.432870 0.022917 0.099074
0 0.728125 0.574074 0.016667 0.114815
0 0.616927 0.928241 0.019271 0.143519
0 0.275521 0.346759 0.019792 0.073148
0 0.240104 0.218056 0.020833 0.058333
0 0.101302 0.364352 0.014063 0.080556
0 0.511979 0.565741 0.022917 0.109259
0 0.615365 0.484722 0.016146 0.093519
0 0.561458 0.435648 0.018750 0.087963
0 0.538021 0.416204 0.020833 0.089815
0 0.726823 0.665278 0.016146 0.121296
0 0.307292 0.381019 0.027083 0.076852
0 0.323958 0.358796 0.025000 0.069444
0 0.358594 0.321296 0.020313 0.072222
1 0.754948 0.373611 0.020313 0.073148
2 0.671094 0.184722 0.022396 0.045370
3 0.765104 0.300463 0.007292 0.012037
