0 0.302344 0.509722 0.014063 0.110185
0 0.251823 0.376852 0.015104 0.087037
0 0.159375 0.293981 0.012500 0.052778
0 0.146094 0.433333 0.009896 0.096296
0 0.040625 0.306019 0.010417 0.073148
0 0.916406 0.519907 0.017188 0.119444
0 0.821875 0.481019 0.018750 0.100926
0 0.781250 0.461574 0.015625 0.087963
0 0.696094 0.455556 0.013021 0.096296
0 0.773438 0.442130 0.012500 0.082407
0 0.711719 0.425000 0.014063 0.098148
0 0.726823 0.454630 0.019271 0.085185
0 0.760156 0.441204 0.017188 0.102778
0 0.777865 0.457407 0.016146 0.088889
0 0.796875 0.461111 0.014583 0.098148
0 0.844792 0.477778 0.023958 0.100000
0 0.901042 0.509722 0.010417 0.102778
0 0.525260 0.357870 0.016146 0.080556
0 0.365365 0.310648 0.005729 0.076852
3 0.146615 0.330556 0.007812 0.011111
