0 0.316927 0.375463 0.017188 0.071296
0 0.506250 0.501852 0.012500 0.090741
0 0.651823 0.419444 0.013021 0.083333
0 0.326042 0.277778 0.017708 0.066667
0 0.228125 0.282407 0.019792 0.066667
0 0.418490 0.575926 0.019271 0.100000
0 0.606250 0.534259 0.014583 0.094444
0 0.671094 0.423611 0.023438 0.080556
0 0.566667 0.368519 0.010417 0.079630
0 0.342969 0.415278 0.014063 0.089815
0 0.379688 0.300926 0.017708 0.057407
0 0.226042 0.359722 0.014583 0.071296
1 0.886458 0.359259 0.007292 0.085185
3 0.339062 0.448148 0.005208 0.009259
