0 0.531771 0.777315 0.027083 0.139815
0 0.467187 0.518519 0.015625 0.111111
0 0.375521 0.397222 0.013542 0.096296
0 0.164062 0.226852 0.012500 0.083333
0 0.544531 0.329630 0.008854 0.083333
0 0.193750 0.480093 0.020833 0.099074
0 0.273698 0.418519 0.013021 0.112963
0 0.335417 0.374537 0.009375 0.110185
0 0.361979 0.349537 0.020833 0.087963
0 0.530990 0.456481 0.019271 0.107407
0 0.505990 0.342130 0.010937 0.095370
0 0.426302 0.285648 0.018229 0.063889
1 0.557813 0.354167 0.011458 0.104630
3 0.310417 0.518056 0.007292 0.006481
