0 0.830729 0.606944 0.015625 0.091667
0 0.510938 0.408333 0.023958 0.068519
0 0.421354 0.573611 0.020833 0.082407
0 0.301823 0.630093 0.015104 0.106481
0 0.275781 0.565278 0.013021 0.108333
0 0.312500 0.483333 0.021875 0.077778
0 0.292708 0.377315 0.021875 0.073148
0 0.207552 0.237500 0.009896 0.067593
0 0.692187 0.590741 0.023958 0.077778
0 0.479427 0.552778 0.028646 0.094444
0 0.391146 0.464815 0.021875 0.081481
0 0.480990 0.458333 0.029687 0.077778
0 0.386198 0.677315 0.021354 0.093519
0 0.353125 0.597685 0.012500 0.100926
0 0.323958 0.571759 0.021875 0.086111
0 0.177604 0.519444 0.012500 0.096296
0 0.433073 0.374074 0.026562 0.066667
0 0.277604 0.337037 0.013542 0.075926
1 0.916406 0.378241 0.021354 0.063889
2 0.924219 0.917593 0.027604 0.137037
3 0.656771 0.575000 0.009375 0.014815
