0 0.823958 0.543981 0.015625 0.099074
0 0.458073 0.498148 0.026562 0.090741
0 0.386198 0.401389 0.020313 0.084259
0 0.108333 0.708796 0.022917 0.119444
0 0.100781 0.274537 0.023438 0.069444
0 0.004427 0.362963 0.008854 0.081481
0 0.233854 0.704630 0.017708 0.125926
0 0.228646 0.543056 0.031250 0.110185
0 0.176302 0.457407 0.029687 0.094444
0 0.429948 0.599537 0.026562 0.112037
0 0.566927 0.581019 0.018229 0.106481
0 0.564583 0.485648 0.020833 0.095370
0 0.533854 0.445833 0.035417 0.089815
0 0.320312 0.367130 0.033333 0.076852
1 0.793490 0.375000 0.019271 0.083333
2 0.016406 0.446296 0.032813 0.114815
3 0.321615 0.406019 0.004687 0.008333
