0 0.073177 0.366204 0.014063 0.106481
0 0.178125 0.275926 0.010417 0.083333
0 0.228125 0.297685 0.019792 0.087963
0 0.660156 0.226852 0.018229 0.064815
0 0.749219 0.479167 0.014063 0.108333
0 0.798958 0.643519 0.019792 0.122222
0 0.414844 0.337500 0.022396 0.095370
0 0.443750 0.279167 0.010417 0.080556
0 0.129427 0.253704 0.009896 0.087037
0 0.257031 0.644907 0.022396 0.121296
0 0.682552 0.222222 0.009896 0.064815
0 0.783333 0.593056 0.014583 0.126852
0 0.895312 0.800926 0.021875 0.146296
0 0.751042 0.433333 0.013542 0.081481
3 0.183333 0.321296 0.005208 0.007407
