0 0.347656 0.658796 0.018229 0.117593
0 0.550521 0.589815 0.018750 0.094444
0 0.229427 0.492130 0.014063 0.099074
0 0.351042 0.424074 0.015625 0.087037
0 0.344531 0.362963 0.010937 0.083333
0 0.524479 0.588426 0.022917 0.076852
0 0.451302 0.522685 0.023438 0.086111
0 0.551562 0.423148 0.017708 0.092593
0 0.463542 0.368981 0.015625 0.093519
0 0.392969 0.332870 0.018229 0.084259
0 0.369531 0.438889 0.014063 0.098148
0 0.152865 0.317130 0.010937 0.076852
0 0.168229 0.424537 0.017708 0.095370
0 0.561458 0.574537 0.025000 0.067593
1 0.757292 0.341667 0.021875 0.070370
2 0.856250 0.170370 0.012500 0.042593
3 0.544531 0.567593 0.007812 0.012963
