0 0.142708 0.237500 0.019792 0.073148
0 0.150260 0.289815 0.017188 0.087037
0 0.288021 0.282870 0.011458 0.080556
0 0.296354 0.423148 0.021875 0.079630
0 0.439323 0.317130 0.025521 0.082407
0 0.512500 0.521759 0.022917 0.076852
0 0.534896 0.690741 0.029167 0.118519
0 0.702604 0.719907 0.040625 0.134259
0 0.814583 0.579630 0.027083 0.107407
0 0.747917 0.764815 0.044792 0.129630
0 0.393750 0.606481 0.022917 0.107407
0 0.794271 0.585648 0.027083 0.113889
0 0.377865 0.324537 0.014063 0.084259
1 0.521615 0.222685 0.014063 0.078704
2 0.107031 0.406944 0.023438 0.108333
3 0.482812 0.686574 0.012500 0.017593
