0 0.701042 0.499074 0.018750 0.107407
0 0.080469 0.311574 0.014063 0.089815
0 0.408594 0.514352 0.017188 0.104630
0 0.507031 0.406481 0.023438 0.061111
0 0.051823 0.808333 0.019271 0.148148
0 0.161719 0.543056 0.026562 0.119444
0 0.335417 0.618981 0.019792 0.128704
0 0.419271 0.576852 0.015625 0.133333
0 0.175260 0.471759 0.021354 0.119444
0 0.606250 0.495833 0.022917 0.108333
0 0.561979 0.456019 0.015625 0.117593
0 0.419271 0.387963 0.018750 0.092593
1 0.659375 0.479167 0.064583 0.025000
2 0.005208 0.760648 0.010417 0.128704
3 0.625521 0.411111 0.009375 0.016667
