0 0.903646 0.728241 0.022917 0.128704
0 0.360938 0.463426 0.013542 0.100926
0 0.066927 0.453704 0.019271 0.111111
0 0.147135 0.275000 0.007812 0.081481
0 0.420052 0.283796 0.014063 0.086111
0 0.309635 0.214352 0.014063 0.069444
0 0.755729 0.398148 0.013542 0.096296
0 0.933333 0.522222 0.025000 0.111111
0 0.801823 0.411111 0.016146 0.092593
0 0.664844 0.388889 0.031771 0.085185
0 0.596615 0.317130 0.025521 0.086111
0 0.503646 0.268981 0.023958 0.071296
0 0.463802 0.370370 0.011979 0.087037
0 0.341927 0.226389 0.026562 0.067593
0 0.383594 0.293981 0.023438 0.091667
0 0.008854 0.659259 0.017708 0.127778
1 0.986979 0.357407 0.020833 0.075926
2 0.005208 0.374074 0.010417 0.111111
3 0.446615 0.208333 0.013021 0.014815
