0 0.424740 0.765278 0.039062 0.125000
0 0.642708 0.491667 0.021875 0.096296
0 0.464062 0.365741 0.010417 0.085185
0 0.468490 0.343056 0.025521 0.080556
0 0.048177 0.604167 0.030729 0.115741
0 0.194792 0.278241 0.013542 0.080556
0 0.392448 0.488426 0.029687 0.095370
0 0.694010 0.503241 0.023438 0.095370
0 0.572135 0.410648 0.031771 0.091667
0 0.546615 0.364815 0.017188 0.081481
0 0.529948 0.306019 0.018229 0.075000
0 0.402344 0.361111 0.021354 0.085185
0 0.397917 0.328704 0.035417 0.070370
0 0.148698 0.264352 0.025521 0.082407
0 0.014844 0.439815 0.027604 0.100000
3 0.408333 0.403704 0.004167 0.007407
