0 0.660417 0.589815 0.035417 0.111111
0 0.735938 0.779167 0.022917 0.132407
0 0.809896 0.485185 0.034375 0.094444
0 0.114062 0.795833 0.025000 0.141667
0 0.407813 0.318981 0.019792 0.099074
0 0.460417 0.192593 0.011458 0.092593
0 0.416406 0.139815 0.019271 0.092593
0 0.502865 0.641204 0.021354 0.113889
0 0.782813 0.781944 0.057292 0.093519
0 0.832552 0.456944 0.024479 0.097222
0 0.546875 0.233796 0.021875 0.078704
0 0.517448 0.187037 0.013021 0.094444
0 0.400521 0.125926 0.012500 0.077778
0 0.463021 0.157870 0.014583 0.087963
0 0.308854 0.580093 0.017708 0.113889
0 0.477604 0.302315 0.012500 0.100926
1 0.818229 0.131944 0.018750 0.084259
2 0.165885 0.230093 0.024479 0.110185
3 0.845573 0.506944 0.007812 0.017593
