0 0.416927 0.557407 0.022396 0.083333
0 0.531510 0.544907 0.026562 0.104630
0 0.410417 0.453704 0.023958 0.096296
0 0.210677 0.435185 0.015104 0.092593
0 0.275781 0.757870 0.018229 0.141667
0 0.267188 0.472222 0.017708 0.105556
0 0.312500 0.406944 0.032292 0.093519
0 0.963281 0.643056 0.021354 0.121296
0 0.698177 0.502315 0.019271 0.117593
0 0.645312 0.520370 0.043750 0.085185
0 0.609896 0.481481 0.014583 0.101852
1 0.630469 0.478704 0.031771 0.038889
2 0.202344 0.588426 0.021354 0.132407
3 0.720052 0.416667 0.008854 0.011111
