0 0.598437 0.425926 0.025000 0.059259
0 0.747396 0.529630 0.013542 0.079630
0 0.121354 0.887500 0.022917 0.106481
0 0.423698 0.511111 0.008854 0.077778
0 0.343750 0.332870 0.010417 0.065741
0 0.684375 0.896759 0.030208 0.117593
0 0.775521 0.537500 0.023958 0.086111
0 0.324740 0.259259 0.011979 0.061111
0 0.042708 0.230556 0.010417 0.057407
0 0.413021 0.483796 0.015625 0.078704
0 0.589844 0.416667 0.022396 0.064815
1 0.869792 0.373611 0.029167 0.054630
2 0.071354 0.506019 0.031250 0.093519
3 0.339323 0.368056 0.004687 0.012037
