0 0.752865 0.457407 0.018229 0.114815
0 0.491667 0.409722 0.027083 0.102778
0 0.435937 0.331481 0.015625 0.092593
0 0.383594 0.322685 0.017188 0.095370
0 0.133594 0.289352 0.016146 0.091667
0 0.114323 0.366204 0.039062 0.106481
0 0.213281 0.601852 0.024479 0.151852
0 0.730208 0.441204 0.015625 0.123148
0 0.583333 0.409259 0.028125 0.105556
0 0.526042 0.369907 0.020833 0.112037
0 0.405208 0.447685 0.017708 0.112037
0 0.391927 0.353704 0.042188 0.033333
0 0.386719 0.307870 0.013021 0.086111
0 0.325260 0.324074 0.021354 0.087037
0 0.197917 0.377315 0.017708 0.097222
1 0.772135 0.375463 0.024479 0.093519
3 0.239844 0.358796 0.019271 0.019444
