0 0.440625 0.553704 0.016667 0.101852
0 0.419271 0.448611 0.013542 0.104630
0 0.500781 0.564815 0.017188 0.101852
0 0.257031 0.426852 0.020313 0.096296
0 0.270313 0.767130 0.018750 0.149074
0 0.979688 0.651852 0.018750 0.131481
0 0.717187 0.513426 0.015625 0.126852
0 0.657031 0.528704 0.020313 0.090741
0 0.629427 0.469444 0.016146 0.122222
0 0.283073 0.458796 0.018229 0.100926
0 0.389844 0.393981 0.016146 0.102778
1 0.636719 0.466204 0.031771 0.065741
2 0.194010 0.598611 0.020313 0.143519
3 0.666927 0.567130 0.008854 0.019444
