0 0.502083 0.543056 0.035417 0.097222
0 0.576042 0.486111 0.028125 0.087037
0 0.476562 0.415278 0.015625 0.086111
0 0.433594 0.410185 0.013021 0.083333
0 0.365885 0.454167 0.011979 0.089815
0 0.752083 0.606481 0.027083 0.096296
0 0.719010 0.549074 0.017188 0.079630
0 0.184375 0.729167 0.029167 0.121296
0 0.283333 0.520833 0.014583 0.095370
0 0.391927 0.481944 0.028646 0.093519
0 0.402865 0.394907 0.029687 0.080556
0 0.792448 0.793519 0.032813 0.125926
0 0.747917 0.571759 0.016667 0.082407
1 0.827865 0.500000 0.018229 0.083333
2 0.143490 0.375000 0.026562 0.087037
3 0.417969 0.435185 0.005729 0.011111
