0 0.663281 0.490278 0.022396 0.093519
0 0.566146 0.374074 0.022917 0.087037
0 0.540104 0.401389 0.019792 0.082407
0 0.472135 0.344444 0.030729 0.087037
0 0.243490 0.310648 0.036979 0.082407
0 0.250260 0.372685 0.025521 0.089815
0 0.142448 0.462963 0.039062 0.112963
0 0.662500 0.529630 0.026042 0.083333
0 0.538281 0.391667 0.019271 0.072222
0 0.405990 0.400926 0.019271 0.083333
0 0.310417 0.297222 0.028125 0.081481
0 0.104427 0.384722 0.024479 0.093519
0 0.012760 0.811111 0.025521 0.133333
1 0.988802 0.365278 0.022396 0.065741
2 0.967708 0.187963 0.018750 0.057407
3 0.530990 0.459259 0.009896 0.014815
