0 0.747396 0.538889 0.013542 0.098148
0 0.720313 0.557870 0.017708 0.106481
0 0.713021 0.597222 0.018750 0.105556
0 0.651823 0.475926 0.019271 0.088889
0 0.560417 0.424074 0.016667 0.088889
0 0.427083 0.328704 0.012500 0.074074
0 0.348438 0.563426 0.015625 0.095370
0 0.379167 0.521759 0.023958 0.076852
0 0.713542 0.520370 0.020833 0.094444
0 0.517188 0.401852 0.009375 0.085185
0 0.254167 0.285185 0.011458 0.074074
0 0.211198 0.409259 0.023438 0.074074
0 0.409635 0.518981 0.020313 0.091667
0 0.702344 0.741204 0.018229 0.112037
1 0.895312 0.314815 0.020833 0.064815
2 0.831771 0.187037 0.015625 0.077778
3 0.326042 0.503704 0.008333 0.014815
