0 0.579427 0.429167 0.024479 0.091667
0 0.497396 0.389815 0.022917 0.074074
0 0.326823 0.391667 0.020313 0.098148
0 0.325781 0.372685 0.033854 0.086111
0 0.331771 0.342130 0.023958 0.076852
0 0.260417 0.461574 0.029167 0.089815
0 0.167448 0.348148 0.024479 0.085185
0 0.050260 0.398611 0.017188 0.095370
0 0.653385 0.710185 0.024479 0.124074
0 0.543750 0.460648 0.022917 0.095370
0 0.425260 0.409259 0.021354 0.083333
0 0.357031 0.390278 0.025521 0.076852
0 0.257812 0.315741 0.012500 0.079630
1 0.579427 0.352315 0.023438 0.071296
2 0.541406 0.271296 0.023438 0.075926
3 0.253385 0.360185 0.007812 0.011111
