0 0.581250 0.778241 0.018750 0.134259
0 0.704167 0.575926 0.020833 0.107407
0 0.676302 0.487037 0.025521 0.105556
0 0.523177 0.426852 0.034896 0.079630
0 0.408073 0.441204 0.023438 0.097222
0 0.423438 0.543056 0.011458 0.110185
0 0.242188 0.399537 0.015625 0.091667
0 0.234115 0.327315 0.016146 0.073148
0 0.160156 0.733333 0.027604 0.133333
0 0.809115 0.693981 0.026562 0.126852
0 0.535156 0.478241 0.021354 0.095370
0 0.479167 0.420370 0.021875 0.098148
0 0.203906 0.307407 0.013021 0.075926
0 0.676562 0.495370 0.020833 0.114815
1 0.705208 0.453704 0.019792 0.090741
2 0.953125 0.321296 0.044792 0.118519
3 0.478646 0.570370 0.009375 0.007407
