0 0.089323 0.809722 0.033854 0.143519
0 0.709896 0.753704 0.019792 0.146296
0 0.669271 0.581944 0.023958 0.112037
0 0.768490 0.487500 0.036979 0.091667
0 0.400781 0.340278 0.017188 0.097222
0 0.436979 0.200926 0.022917 0.077778
0 0.400521 0.159259 0.022917 0.092593
0 0.141927 0.111111 0.023438 0.070370
0 0.837240 0.781019 0.023438 0.123148
0 0.534375 0.629630 0.030208 0.101852
0 0.315365 0.593519 0.018229 0.120370
0 0.486719 0.324074 0.013021 0.105556
0 0.533594 0.261111 0.023438 0.079630
0 0.515885 0.200463 0.014063 0.093519
0 0.455469 0.177315 0.013021 0.089815
0 0.372917 0.150926 0.025000 0.074074
0 0.798177 0.486574 0.032813 0.099074
1 0.800521 0.152315 0.013542 0.087963
2 0.135417 0.259722 0.022917 0.108333
3 0.521094 0.302778 0.004687 0.011111
