0 0.632292 0.521759 0.029167 0.097222
0 0.621875 0.639815 0.035417 0.111111
0 0.389323 0.493056 0.019271 0.100926
0 0.301823 0.500463 0.015104 0.099074
0 0.266146 0.452315 0.016667 0.087963
0 0.668490 0.535648 0.024479 0.091667
0 0.628906 0.578704 0.038021 0.033333
0 0.419531 0.528704 0.034896 0.083333
0 0.419271 0.502778 0.028125 0.072222
0 0.419271 0.467593 0.017708 0.081481
0 0.181510 0.512500 0.022396 0.100926
1 0.748437 0.495370 0.019792 0.083333
2 0.027604 0.520833 0.038542 0.117593
3 0.458073 0.484259 0.011979 0.012963
