0 0.412240 0.445833 0.021354 0.100926
0 0.514844 0.551389 0.018229 0.108333
0 0.429948 0.553704 0.017188 0.096296
0 0.240365 0.436574 0.017188 0.089815
0 0.272917 0.759259 0.018750 0.142593
0 0.280729 0.464352 0.023958 0.104630
0 0.360677 0.395833 0.023438 0.099074
0 0.616146 0.489352 0.014583 0.113889
0 0.656510 0.523148 0.040104 0.087037
0 0.705990 0.503241 0.013021 0.126852
0 0.972656 0.649074 0.018229 0.129630
1 0.632031 0.475000 0.035937 0.050000
2 0.198177 0.593519 0.019271 0.138889
3 0.745573 0.430093 0.008854 0.012037
