0 0.370312 0.833333 0.018750 0.164815
0 0.328125 0.518056 0.019792 0.125000
0 0.293490 0.431019 0.014063 0.126852
0 0.350260 0.366667 0.010937 0.118519
0 0.460156 0.456481 0.024479 0.120370
0 0.035417 0.387963 0.016667 0.112963
0 0.698698 0.476852 0.017188 0.109259
0 0.009375 0.724074 0.018750 0.159259
0 0.485938 0.627315 0.019792 0.143519
0 0.310156 0.449074 0.021354 0.118519
0 0.267708 0.349537 0.017708 0.117593
0 0.666146 0.507870 0.056250 0.025000
1 0.638542 0.477778 0.064583 0.053704
2 0.630990 0.264815 0.018229 0.044444
3 0.342969 0.508333 0.007812 0.011111
