0 0.664062 0.685185 0.021875 0.122222
0 0.668750 0.606019 0.016667 0.113889
0 0.378385 0.575463 0.033854 0.115741
0 0.455469 0.450926 0.030729 0.088889
0 0.263281 0.445370 0.024479 0.092593
0 0.153125 0.405093 0.035417 0.076852
0 0.311458 0.393519 0.027083 0.077778
0 0.627604 0.636111 0.016667 0.112963
0 0.083594 0.493056 0.036979 0.097222
0 0.255990 0.375463 0.025521 0.078704
0 0.325521 0.427315 0.013542 0.089815
0 0.687240 0.939352 0.032813 0.121296
2 0.005990 0.404630 0.011979 0.074074
3 0.619531 0.672222 0.006771 0.020370
