0 0.444010 0.627778 0.017188 0.103704
0 0.472656 0.743519 0.015104 0.109259
0 0.341406 0.482407 0.019271 0.085185
0 0.023958 0.684259 0.019792 0.118519
0 0.678906 0.543519 0.020313 0.083333
0 0.564063 0.706944 0.012500 0.128704
0 0.895052 0.790741 0.022396 0.127778
0 0.687240 0.525000 0.025521 0.096296
0 0.506510 0.307407 0.011979 0.074074
0 0.378646 0.697222 0.013542 0.109259
0 0.192708 0.547222 0.008333 0.100000
1 0.900521 0.298148 0.011458 0.070370
2 0.049219 0.528704 0.023438 0.105556
3 0.877083 0.472685 0.008333 0.013889
