0 0.373958 0.454167 0.014583 0.080556
0 0.448698 0.400926 0.018229 0.077778
0 0.498437 0.415278 0.018750 0.084259
0 0.580469 0.487500 0.024479 0.106481
0 0.522135 0.542593 0.017188 0.098148
0 0.756250 0.607870 0.030208 0.075000
0 0.725260 0.542130 0.024479 0.087963
0 0.197396 0.719444 0.026042 0.120370
0 0.282552 0.524537 0.015104 0.100926
0 0.405729 0.382870 0.018750 0.084259
0 0.408594 0.478704 0.036979 0.096296
0 0.806771 0.781944 0.035417 0.119444
0 0.780469 0.569444 0.028646 0.090741
1 0.821354 0.503704 0.020833 0.088889
2 0.163802 0.373148 0.021354 0.087037
3 0.528906 0.411574 0.008854 0.013889
