0 0.032552 0.440741 0.020313 0.079630
0 0.391146 0.574537 0.015625 0.099074
0 0.677865 0.768056 0.019271 0.108333
0 0.745313 0.518981 0.032292 0.075000
0 0.517448 0.400000 0.019271 0.070370
0 0.296615 0.303241 0.017188 0.067593
0 0.261458 0.653241 0.016667 0.100926
0 0.710156 0.670833 0.015104 0.108333
0 0.707292 0.644907 0.021875 0.125000
0 0.732031 0.561574 0.016146 0.093519
0 0.657813 0.481481 0.022917 0.085185
0 0.625260 0.456481 0.023438 0.083333
0 0.440885 0.333796 0.013021 0.076852
0 0.440104 0.451852 0.014583 0.059259
1 0.842448 0.305556 0.024479 0.057407
2 0.831771 0.167593 0.015625 0.042593
3 0.408073 0.609722 0.008854 0.013889
