0 0.590104 0.418519 0.018750 0.096296
0 0.439063 0.325000 0.022917 0.074074
0 0.325781 0.376389 0.033854 0.093519
0 0.326823 0.639352 0.019271 0.115741
0 0.223438 0.452778 0.018750 0.105556
0 0.229167 0.334259 0.020833 0.083333
0 0.113802 0.898148 0.054688 0.153704
0 0.886979 0.796296 0.026042 0.142593
0 0.609635 0.537500 0.016146 0.113889
0 0.533073 0.454167 0.018229 0.099074
0 0.505469 0.455093 0.020313 0.102778
0 0.443229 0.402315 0.014583 0.100926
0 0.405469 0.418981 0.019271 0.108333
0 0.360156 0.387963 0.015104 0.100000
0 0.333594 0.356944 0.025521 0.086111
0 0.304427 0.582407 0.034896 0.118519
0 0.206510 0.525926 0.022396 0.116667
1 0.658073 0.372685 0.021354 0.099074
3 0.668750 0.420833 0.006250 0.013889
