0 0.222656 0.527778 0.014063 0.105556
0 0.313021 0.329167 0.013542 0.082407
0 0.423958 0.468519 0.036458 0.087037
0 0.766927 0.581481 0.016146 0.111111
0 0.811719 0.665741 0.023438 0.112963
0 0.242188 0.679630 0.022917 0.127778
0 0.350000 0.450000 0.023958 0.090741
0 0.420052 0.382870 0.011979 0.080556
0 0.549740 0.412037 0.018229 0.098148
0 0.548438 0.481481 0.033333 0.101852
0 0.619792 0.545370 0.017708 0.107407
0 0.673698 0.538426 0.030729 0.091667
0 0.714063 0.616667 0.021875 0.107407
1 0.816146 0.506944 0.031250 0.082407
2 0.195052 0.376852 0.024479 0.101852
3 0.788542 0.659722 0.015625 0.021296
