0 0.599479 0.654630 0.015625 0.057407
0 0.600521 0.496759 0.008333 0.052778
0 0.663021 0.437500 0.009375 0.049074
0 0.810677 0.365741 0.005729 0.048148
0 0.607812 0.307870 0.008333 0.041667
0 0.408333 0.385185 0.005208 0.053704
0 0.491146 0.437037 0.012500 0.050000
0 0.213802 0.297222 0.005729 0.037037
0 0.351562 0.273148 0.004167 0.037037
0 0.461979 0.252315 0.005208 0.034259
0 0.490365 0.506944 0.010937 0.062037
0 0.601562 0.461574 0.011458 0.049074
0 0.521615 0.633333 0.017188 0.066667
0 0.367448 0.407407 0.005729 0.046296
0 0.389583 0.383333 0.008333 0.046296
0 0.249219 0.329167 0.006771 0.039815
0 0.285156 0.274074 0.007812 0.037037
0 0.684375 0.340741 0.008333 0.040741
0 0.836198 0.473148 0.006771 0.059259
2 0.469271 0.249074 0.015625 0.042593
3 0.794792 0.389352 0.006250 0.012037
