0 0.671094 0.611574 0.020313 0.119444
0 0.546875 0.676852 0.027083 0.114815
0 0.311719 0.496296 0.027604 0.096296
0 0.115625 0.487500 0.033333 0.087963
0 0.167969 0.325000 0.017188 0.083333
0 0.918229 0.976389 0.021875 0.047222
0 0.277604 0.450926 0.034375 0.092593
0 0.375260 0.398611 0.013021 0.082407
0 0.519792 0.506019 0.022917 0.095370
0 0.546615 0.570370 0.011979 0.107407
0 0.576302 0.642130 0.014063 0.106481
0 0.766927 0.616667 0.011979 0.111111
0 0.763542 0.597222 0.020833 0.111111
0 0.174740 0.351389 0.011979 0.065741
1 0.952604 0.504630 0.017708 0.100000
2 0.552604 0.240741 0.019792 0.050000
3 0.960677 0.553704 0.007812 0.018519
