0 0.282031 0.614815 0.013021 0.118519
0 0.479427 0.541667 0.025521 0.094444
0 0.596615 0.568981 0.013021 0.100926
0 0.828906 0.863426 0.017188 0.141667
0 0.255208 0.490278 0.012500 0.086111
0 0.245833 0.332407 0.017708 0.068519
0 0.114062 0.365741 0.012500 0.079630
0 0.408073 0.612963 0.015104 0.114815
0 0.736979 0.587500 0.009375 0.104630
0 0.630208 0.544907 0.011458 0.095370
0 0.553385 0.482407 0.018229 0.098148
0 0.519531 0.452315 0.013021 0.095370
0 0.333073 0.487963 0.015104 0.098148
0 0.304948 0.442593 0.013021 0.090741
0 0.378646 0.404630 0.012500 0.081481
0 0.390104 0.372685 0.015625 0.075000
1 0.920833 0.426389 0.012500 0.087963
2 0.104688 0.423611 0.031250 0.093519
3 0.247656 0.411574 0.007812 0.012037
