0 0.406771 0.606944 0.018750 0.117593
0 0.609896 0.520833 0.020833 0.086111
0 0.495052 0.440278 0.011979 0.093519
0 0.088542 0.518519 0.033333 0.098148
0 0.556250 0.461574 0.010417 0.102778
0 0.532031 0.542130 0.034896 0.054630
0 0.995052 0.674074 0.009896 0.116667
0 0.249219 0.907407 0.019271 0.150000
0 0.382812 0.432870 0.013542 0.095370
0 0.443229 0.440741 0.014583 0.088889
0 0.557552 0.532407 0.013021 0.101852
1 0.662500 0.421296 0.027083 0.103704
2 0.219271 0.628241 0.031250 0.113889
3 0.888281 0.537963 0.006771 0.011111
