0 0.419792 0.440741 0.022917 0.096296
0 0.255469 0.400926 0.016146 0.090741
0 0.255208 0.332870 0.020833 0.071296
0 0.420573 0.548611 0.025521 0.100926
0 0.583594 0.781481 0.016146 0.129630
0 0.682552 0.585648 0.016146 0.112037
0 0.521875 0.428241 0.029167 0.093519
0 0.671354 0.487963 0.019792 0.103704
0 0.805469 0.718519 0.016146 0.122222
0 0.158073 0.741204 0.014063 0.128704
0 0.486719 0.427778 0.013021 0.103704
0 0.230990 0.312963 0.019271 0.075926
0 0.512240 0.491204 0.026562 0.095370
0 0.677865 0.503704 0.040104 0.100000
1 0.722135 0.453241 0.024479 0.089815
2 0.004167 0.466204 0.008333 0.110185
3 0.315104 0.296759 0.008333 0.013889
