0 0.771615 0.548611 0.020313 0.106481
0 0.536719 0.462963 0.021354 0.087037
0 0.466406 0.498148 0.014063 0.092593
0 0.262240 0.585648 0.023438 0.106481
0 0.230729 0.433796 0.018750 0.080556
0 0.051823 0.521296 0.033854 0.042593
0 0.729688 0.557407 0.017708 0.100000
0 0.539323 0.462500 0.011979 0.080556
0 0.475521 0.525926 0.015625 0.092593
0 0.285156 0.699537 0.029687 0.110185
0 0.071615 0.552315 0.024479 0.086111
1 0.654427 0.486574 0.026562 0.099074
2 0.189062 0.499537 0.035417 0.089815
3 0.447917 0.537963 0.007292 0.007407
