0 0.482812 0.507870 0.031250 0.073148
0 0.464323 0.410185 0.031771 0.066667
0 0.389583 0.431944 0.014583 0.091667
0 0.341406 0.787963 0.024479 0.105556
0 0.314583 0.352778 0.029167 0.081481
0 0.404948 0.143981 0.035937 0.058333
0 0.444531 0.262963 0.015104 0.072222
0 0.427344 0.391667 0.030729 0.066667
0 0.414844 0.465278 0.026562 0.084259
0 0.428646 0.516204 0.030208 0.073148
0 0.404948 0.642593 0.019271 0.101852
0 0.234375 0.466204 0.023958 0.080556
0 0.258594 0.382870 0.014063 0.076852
0 0.235417 0.295833 0.027083 0.071296
1 0.801302 0.372685 0.014063 0.086111
2 0.992448 0.139815 0.014063 0.085185
3 0.430469 0.198148 0.006771 0.011111
