0 0.925781 0.863889 0.017188 0.138889
0 0.725521 0.585648 0.018750 0.100926
0 0.631771 0.529630 0.011458 0.092593
0 0.246875 0.626389 0.014583 0.115741
0 0.223177 0.512963 0.013021 0.098148
0 0.196615 0.372222 0.013021 0.061111
0 0.190104 0.352778 0.015625 0.075926
0 0.451823 0.642130 0.017188 0.117593
0 0.420833 0.511111 0.015625 0.096296
0 0.327344 0.428704 0.015104 0.088889
0 0.345052 0.375463 0.010937 0.073148
0 0.319271 0.395833 0.022917 0.073148
0 0.595833 0.475926 0.015625 0.096296
0 0.681771 0.521296 0.017708 0.094444
0 0.709896 0.555556 0.014583 0.087037
0 0.789844 0.602778 0.017188 0.100000
1 0.940885 0.467130 0.018229 0.091667
2 0.093490 0.425000 0.017188 0.103704
3 0.198437 0.413426 0.007292 0.012037
