0 0.025260 0.543519 0.013021 0.109259
0 0.070573 0.332870 0.011979 0.075000
0 0.254167 0.253704 0.020833 0.059259
0 0.611458 0.605093 0.014583 0.113889
0 0.579167 0.563426 0.032292 0.097222
0 0.580729 0.486574 0.012500 0.100926
0 0.489323 0.555556 0.026562 0.100000
0 0.519792 0.550463 0.035417 0.093519
0 0.672135 0.491667 0.016146 0.101852
0 0.326823 0.386574 0.009896 0.080556
0 0.444792 0.337037 0.010417 0.083333
0 0.542448 0.553241 0.022396 0.097222
0 0.527083 0.565741 0.022917 0.085185
0 0.630729 0.574074 0.011458 0.100000
0 0.620313 0.485648 0.014583 0.089815
0 0.689323 0.488426 0.017188 0.095370
0 0.670573 0.447222 0.008854 0.077778
0 0.598437 0.561111 0.015625 0.092593
0 0.674219 0.509259 0.015104 0.105556
1 0.788802 0.471296 0.010937 0.100000
2 0.293229 0.518056 0.017708 0.112037
3 0.319010 0.286111 0.006771 0.011111
