0 0.425521 0.820370 0.013542 0.098148
0 0.800260 0.720370 0.016146 0.085185
0 0.562500 0.404630 0.015625 0.059259
0 0.872135 0.368056 0.014063 0.052778
0 0.905990 0.264352 0.009896 0.043519
0 0.377083 0.767593 0.028125 0.062963
0 0.587240 0.730556 0.017188 0.087037
0 0.448177 0.409722 0.014063 0.058333
0 0.700000 0.561574 0.013542 0.075000
0 0.600781 0.351389 0.013021 0.052778
0 0.762500 0.267130 0.013542 0.043519
0 0.842969 0.363426 0.016146 0.056481
1 0.176042 0.305093 0.009375 0.054630
3 0.412500 0.846759 0.008333 0.015741
