0 0.891667 0.733696 0.022917 0.115613
0 0.284115 0.421443 0.009896 0.093874
0 0.112240 0.325593 0.016146 0.085968
0 0.503646 0.303360 0.012500 0.069170
0 0.442969 0.227273 0.013021 0.061265
0 0.448177 0.666008 0.015104 0.104743
0 0.744271 0.450593 0.011458 0.096838
0 0.339583 0.425395 0.011458 0.095850
0 0.306250 0.294960 0.009375 0.074111
0 0.021354 0.304842 0.017708 0.085968
0 0.630990 0.324111 0.016146 0.083004
0 0.475521 0.291008 0.014583 0.068182
0 0.531250 0.199111 0.017708 0.066206
3 0.594531 0.364625 0.010937 0.013834
