0 0.305208 0.627778 0.016667 0.079630
0 0.398958 0.662037 0.012500 0.101852
0 0.573438 0.657870 0.013542 0.095370
0 0.633073 0.522222 0.025521 0.072222
0 0.773438 0.443056 0.019792 0.063889
0 0.333594 0.544444 0.016146 0.075926
0 0.501823 0.493981 0.025521 0.065741
0 0.706250 0.942593 0.014583 0.114815
0 0.659635 0.556944 0.024479 0.071296
0 0.259115 0.606019 0.020313 0.065741
0 0.517969 0.506944 0.021354 0.071296
1 0.314844 0.475463 0.038021 0.039815
2 0.127083 0.458333 0.018750 0.057407
3 0.358333 0.502315 0.008333 0.012037
