0 0.703646 0.461574 0.025000 0.102778
0 0.578906 0.431944 0.027604 0.099074
0 0.300000 0.735185 0.021875 0.140741
0 0.263021 0.517593 0.020833 0.111111
0 0.346875 0.316204 0.014583 0.091667
0 0.026302 0.453241 0.017188 0.099074
0 0.049740 0.283796 0.018229 0.078704
0 0.986198 0.552315 0.027604 0.113889
0 0.408073 0.523148 0.040104 0.092593
0 0.169792 0.710185 0.016667 0.129630
0 0.269010 0.418056 0.013021 0.097222
1 0.707812 0.310185 0.016667 0.094444
2 0.990104 0.275463 0.013542 0.043519
3 0.483333 0.391667 0.008333 0.007407
