0 0.419792 0.348148 0.023958 0.068519
0 0.479427 0.410648 0.022396 0.054630
0 0.492708 0.456481 0.019792 0.111111
0 0.383073 0.627315 0.040104 0.123148
0 0.231250 0.702315 0.021875 0.134259
0 0.014583 0.383796 0.029167 0.086111
0 0.116406 0.954630 0.023438 0.090741
0 0.668750 0.647685 0.033333 0.117593
0 0.673698 0.815741 0.021354 0.125926
0 0.787760 0.665741 0.020313 0.127778
0 0.329167 0.332870 0.022917 0.082407
0 0.401562 0.481019 0.019792 0.106481
0 0.168750 0.736111 0.017708 0.124074
0 0.061198 0.948148 0.027604 0.103704
0 0.562760 0.644907 0.030729 0.095370
0 0.753385 0.694907 0.036979 0.121296
0 0.930990 0.935648 0.040104 0.128704
1 0.674740 0.335185 0.025521 0.074074
3 0.667448 0.300000 0.007812 0.012963
