0 0.213542 0.566204 0.013542 0.095370
0 0.554688 0.545833 0.023958 0.093519
0 0.950781 0.603241 0.015104 0.113889
0 0.635156 0.356481 0.010937 0.070370
0 0.892188 0.374537 0.006250 0.076852
0 0.150260 0.550926 0.021354 0.109259
0 0.358594 0.593056 0.022396 0.099074
0 0.351562 0.455093 0.012500 0.087963
0 0.741406 0.701389 0.018229 0.110185
0 0.578385 0.523148 0.010937 0.103704
0 0.632292 0.473611 0.017708 0.086111
0 0.729688 0.401389 0.013542 0.082407
0 0.960938 0.426852 0.020833 0.079630
0 0.591927 0.368056 0.022396 0.060185
1 0.084375 0.468056 0.021875 0.080556
2 0.683073 0.571296 0.025521 0.109259
3 0.282031 0.580093 0.008854 0.008333
