0 0.358854 0.860672 0.020833 0.092885
0 0.039062 0.544960 0.018750 0.085968
0 0.132031 0.330040 0.013021 0.061265
0 0.417448 0.533103 0.019271 0.074111
0 0.388542 0.395751 0.017708 0.066206
0 0.660937 0.402174 0.010417 0.061265
0 0.502083 0.248024 0.016667 0.049407
0 0.396094 0.298913 0.019271 0.042490
0 0.280469 0.836462 0.015104 0.105731
0 0.647917 0.591897 0.025000 0.075099
0 0.661458 0.448617 0.022917 0.075099
0 0.666927 0.372036 0.011979 0.072134
0 0.419792 0.384387 0.025000 0.067194
0 0.255729 0.320652 0.012500 0.068182
0 0.316667 0.327569 0.030208 0.040514
0 0.535677 0.283597 0.019271 0.045455
0 0.390365 0.326087 0.021354 0.055336
