0 0.256250 0.644444 0.017708 0.092593
0 0.445573 0.603704 0.021354 0.072222
0 0.215885 0.961111 0.030729 0.077778
0 0.216927 0.976389 0.010937 0.047222
0 0.410417 0.821759 0.017708 0.104630
0 0.541406 0.781944 0.014063 0.110185
0 0.507812 0.624074 0.019792 0.085185
0 0.496354 0.554167 0.020833 0.080556
0 0.034375 0.801852 0.016667 0.114815
0 0.163802 0.683796 0.023438 0.084259
0 0.386458 0.452778 0.013542 0.064815
0 0.325521 0.600463 0.016667 0.089815
1 0.758854 0.361111 0.008333 0.061111
2 0.595833 0.181481 0.012500 0.042593
3 0.415104 0.873148 0.009375 0.014815
