0 0.208333 0.690741 0.016667 0.083333
0 0.285417 0.655556 0.023958 0.070370
0 0.386719 0.619444 0.024479 0.072222
0 0.645052 0.731944 0.011979 0.097222
0 0.665885 0.511574 0.010937 0.067593
0 0.770312 0.622685 0.013542 0.080556
0 0.886719 0.589352 0.019271 0.075000
0 0.534635 0.569907 0.017188 0.069444
0 0.450260 0.587037 0.015104 0.075926
0 0.259115 0.672685 0.018229 0.075000
0 0.314323 0.647685 0.021354 0.084259
0 0.453125 0.615278 0.020833 0.075000
0 0.471094 0.592130 0.011979 0.078704
0 0.518229 0.575000 0.009375 0.075926
0 0.629687 0.606481 0.012500 0.081481
0 0.588542 0.563889 0.025000 0.062963
0 0.592448 0.550000 0.010937 0.074074
0 0.596875 0.549074 0.017708 0.070370
0 0.591927 0.512500 0.010937 0.067593
1 0.155469 0.553704 0.014063 0.062963
2 0.172656 0.363889 0.011979 0.059259
3 0.688542 0.522222 0.009375 0.012963
