0 0.421094 0.509259 0.014063 0.114815
0 0.626563 0.439815 0.023958 0.096296
0 0.787760 0.412963 0.019271 0.109259
0 0.727604 0.369444 0.016667 0.096296
0 0.949219 0.323148 0.008854 0.090741
0 0.923438 0.468519 0.019792 0.122222
0 0.919531 0.687500 0.032813 0.152778
0 0.355469 0.562037 0.021354 0.127778
0 0.555729 0.454630 0.016667 0.105556
0 0.757812 0.486574 0.025000 0.067593
0 0.739323 0.412037 0.018229 0.092593
0 0.932813 0.487500 0.019792 0.130556
1 0.323958 0.290278 0.027083 0.075000
2 0.071094 0.267130 0.018229 0.084259
3 0.071094 0.384259 0.014063 0.011111
