0 0.048698 0.471759 0.015104 0.080556
0 0.249740 0.427778 0.016146 0.066667
0 0.360938 0.462037 0.014583 0.079630
0 0.124219 0.340741 0.016146 0.051852
0 0.258854 0.378704 0.020833 0.061111
0 0.487500 0.404167 0.007292 0.067593
0 0.555990 0.412037 0.015104 0.061111
0 0.101823 0.434722 0.006771 0.071296
0 0.254167 0.468519 0.020833 0.077778
0 0.275781 0.362500 0.014063 0.065741
0 0.349479 0.424537 0.016667 0.069444
0 0.704948 0.554167 0.010937 0.086111
0 0.599740 0.447685 0.021354 0.075000
0 0.521354 0.413889 0.012500 0.074074
0 0.502865 0.385185 0.011979 0.068519
2 0.878906 0.224537 0.015104 0.047222
3 0.115885 0.368519 0.004687 0.007407
