0 0.064062 0.762500 0.022917 0.145370
0 0.434635 0.614352 0.016146 0.117593
0 0.736458 0.848611 0.022917 0.149074
0 0.954427 0.646296 0.031771 0.116667
0 0.577344 0.434259 0.025521 0.094444
0 0.079167 0.326852 0.014583 0.072222
0 0.055469 0.434259 0.026562 0.088889
0 0.809115 0.734259 0.021354 0.131481
0 0.681250 0.764352 0.020833 0.137963
0 0.548958 0.560185 0.019792 0.092593
0 0.486198 0.475463 0.020313 0.084259
0 0.621875 0.418981 0.027083 0.084259
0 0.484635 0.347685 0.017188 0.073148
0 0.319010 0.350926 0.019271 0.075926
0 0.312240 0.300926 0.013021 0.066667
0 0.034115 0.519444 0.016146 0.100000
0 0.991146 0.609722 0.017708 0.093519
1 0.727865 0.285648 0.010937 0.076852
3 0.406771 0.651389 0.009375 0.015741
