0 0.519271 0.576852 0.013542 0.079630
0 0.298438 0.417130 0.012500 0.071296
0 0.276302 0.447222 0.011979 0.072222
0 0.378646 0.516667 0.012500 0.068519
0 0.799740 0.560185 0.020313 0.083333
0 0.472656 0.489352 0.022396 0.047222
0 0.398698 0.445370 0.016146 0.079630
0 0.368750 0.418981 0.014583 0.073148
0 0.240885 0.428241 0.015104 0.075000
0 0.369271 0.594907 0.012500 0.086111
0 0.151823 0.456019 0.010937 0.063889
1 0.620313 0.434722 0.011458 0.084259
2 0.401302 0.217130 0.013021 0.060185
3 0.807292 0.630093 0.009375 0.013889
