0 0.904948 0.491667 0.017188 0.124074
0 0.755208 0.396296 0.029167 0.100000
0 0.686198 0.436574 0.018229 0.113889
0 0.740885 0.642130 0.019271 0.147222
0 0.604427 0.917130 0.039062 0.165741
0 0.463542 0.387037 0.025000 0.087037
0 0.482812 0.359259 0.019792 0.088889
0 0.308854 0.287037 0.013542 0.083333
0 0.179948 0.346759 0.032813 0.095370
0 0.148177 0.437037 0.017188 0.109259
0 0.883333 0.500463 0.018750 0.132407
0 0.838802 0.453241 0.017188 0.125000
0 0.388021 0.853241 0.025000 0.171296
0 0.462240 0.534259 0.017188 0.129630
0 0.411198 0.351389 0.017188 0.089815
0 0.168490 0.281944 0.032813 0.095370
0 0.390104 0.378704 0.025000 0.081481
1 0.931510 0.338426 0.021354 0.099074
2 0.252604 0.445833 0.028125 0.126852
