0 0.361719 0.636858 0.042188 0.155138
0 0.631510 0.585968 0.040104 0.110672
0 0.749740 0.399209 0.018229 0.118577
0 0.682031 0.269763 0.016146 0.106719
0 0.695312 0.367095 0.010417 0.113636
0 0.483594 0.469862 0.029687 0.137352
0 0.572396 0.367095 0.016667 0.105731
0 0.617708 0.293972 0.012500 0.097826
0 0.663802 0.361660 0.023438 0.114625
0 0.650781 0.508399 0.018229 0.131423
0 0.387500 0.581028 0.026042 0.112648
1 0.282292 0.318182 0.018750 0.102767
2 0.635417 0.127964 0.014583 0.046443
3 0.397135 0.700593 0.013021 0.023715
