0 0.480469 0.705556 0.036979 0.137037
0 0.022396 0.537500 0.020833 0.137963
0 0.304167 0.319907 0.023958 0.112037
0 0.057813 0.189352 0.017708 0.097222
0 0.935417 0.906481 0.032292 0.170370
0 0.098698 0.449074 0.019271 0.131481
0 0.462500 0.457407 0.022917 0.124074
0 0.147396 0.252315 0.019792 0.110185
0 0.328125 0.370370 0.018750 0.116667
0 0.591927 0.726852 0.030729 0.135185
0 0.659635 0.748148 0.038021 0.146296
0 0.641146 0.572222 0.048958 0.116667
1 0.741406 0.249537 0.033854 0.099074
2 0.726042 0.271759 0.014583 0.073148
3 0.445833 0.746296 0.012500 0.024074
