0 0.369792 0.568519 0.010417 0.090741
0 0.559115 0.565278 0.022396 0.084259
0 0.679167 0.468056 0.020833 0.060185
0 0.791927 0.405556 0.016146 0.044444
0 0.944792 0.436111 0.010417 0.064815
0 0.798958 0.485648 0.018750 0.067593
0 0.623698 0.514815 0.024479 0.068519
0 0.510417 0.483333 0.018750 0.068519
0 0.300260 0.782407 0.020313 0.100000
0 0.458333 0.548148 0.025000 0.079630
0 0.498958 0.491204 0.029167 0.073148
0 0.710677 0.511111 0.022396 0.072222
0 0.823177 0.450000 0.024479 0.064815
0 0.824740 0.393056 0.020313 0.063889
1 0.220052 0.462500 0.011979 0.062037
2 0.811719 0.306481 0.017188 0.064815
3 0.252865 0.259722 0.010937 0.017593
