0 0.441667 0.543478 0.010417 0.108696
0 0.519792 0.591897 0.021875 0.084980
0 0.365885 0.395751 0.014063 0.076087
0 0.075781 0.283597 0.007812 0.084980
0 0.511458 0.196640 0.011458 0.073123
0 0.361458 0.489130 0.013542 0.104743
0 0.400781 0.373024 0.016146 0.091897
0 0.382552 0.338933 0.015104 0.090909
0 0.429167 0.265316 0.019792 0.080040
0 0.384375 0.250000 0.009375 0.083004
0 0.517188 0.391304 0.013542 0.098814
0 0.652083 0.431324 0.011458 0.085968
1 0.671094 0.388834 0.007812 0.097826
3 0.426302 0.436759 0.010937 0.007905
