0 0.534635 0.691667 0.054688 0.146296
0 0.400521 0.582870 0.039583 0.110185
0 0.534896 0.395370 0.036458 0.083333
0 0.458333 0.365278 0.018750 0.080556
0 0.403125 0.378241 0.021875 0.086111
0 0.392188 0.445370 0.033333 0.096296
0 0.244531 0.481481 0.019271 0.114815
0 0.292448 0.354630 0.021354 0.092593
0 0.195312 0.386111 0.016667 0.096296
0 0.673958 0.479167 0.015625 0.108333
0 0.536979 0.445370 0.019792 0.105556
0 0.560677 0.392593 0.015104 0.094444
0 0.428646 0.377315 0.025000 0.084259
0 0.420573 0.406481 0.021354 0.096296
0 0.280990 0.549074 0.020313 0.125926
0 0.166406 0.368056 0.014063 0.091667
0 0.152604 0.343981 0.025000 0.084259
1 0.947396 0.383796 0.018750 0.091667
2 0.020573 0.421296 0.030729 0.120370
3 0.376042 0.494907 0.006250 0.013889
