0 0.179167 0.767292 0.037500 0.093874
0 0.325260 0.490119 0.021354 0.083004
0 0.489583 0.361660 0.015625 0.079051
0 0.447917 0.283103 0.028125 0.080040
0 0.423438 0.235178 0.010417 0.077075
0 0.384375 0.150692 0.009375 0.070158
0 0.684635 0.381423 0.025521 0.059289
0 0.501563 0.353261 0.009375 0.064229
0 0.522656 0.257411 0.010937 0.064229
0 0.440104 0.200593 0.011458 0.067194
0 0.358073 0.306324 0.011979 0.069170
0 0.365625 0.253953 0.013542 0.073123
0 0.340365 0.220850 0.009896 0.078063
1 0.747135 0.313735 0.018229 0.080040
3 0.171094 0.753953 0.005729 0.011858
