0 0.667188 0.539032 0.016667 0.095850
0 0.391406 0.446146 0.025521 0.093874
0 0.446354 0.388340 0.018750 0.071146
0 0.295052 0.348814 0.010937 0.088933
0 0.393229 0.303854 0.017708 0.076087
0 0.404948 0.267787 0.022396 0.071146
0 0.739323 0.583992 0.016146 0.108696
0 0.054167 0.662549 0.028125 0.105731
0 0.347135 0.422925 0.026562 0.090909
0 0.422917 0.397233 0.015625 0.090909
0 0.339062 0.286067 0.026042 0.070158
0 0.280469 0.201581 0.015104 0.075099
1 0.859635 0.373518 0.016146 0.073123
2 0.800521 0.132905 0.020833 0.048419
3 0.637240 0.501976 0.011979 0.009881
