0 0.414062 0.717014 0.013281 0.093750
0 0.340625 0.577778 0.017188 0.075000
0 0.425781 0.486458 0.019531 0.063194
0 0.466797 0.457639 0.015625 0.066667
0 0.526563 0.531944 0.012500 0.083333
0 0.596484 0.515972 0.009375 0.077778
0 0.675586 0.787500 0.012891 0.098611
0 0.587109 0.367361 0.014844 0.068056
0 0.481250 0.459375 0.014063 0.075694
0 0.649805 0.539583 0.016016 0.081944
0 0.441992 0.890278 0.013672 0.105556
0 0.752734 0.961806 0.016406 0.076389
0 0.131250 0.718750 0.014063 0.086111
0 0.334766 0.522222 0.023438 0.073611
1 0.287305 0.354861 0.009766 0.054167
2 0.992773 0.456250 0.013672 0.090278
3 0.434570 0.518403 0.003516 0.006250
