0 0.688021 0.765741 0.025000 0.118519
0 0.387760 0.779167 0.036979 0.100926
0 0.524219 0.590278 0.018229 0.104630
0 0.166406 0.372222 0.019271 0.072222
0 0.308854 0.425000 0.013542 0.068519
0 0.269271 0.403241 0.014583 0.062037
0 0.635677 0.674537 0.019271 0.115741
0 0.392448 0.728704 0.034896 0.125926
0 0.434896 0.566667 0.019792 0.103704
0 0.419792 0.476852 0.020833 0.087037
0 0.387500 0.467130 0.014583 0.071296
0 0.402344 0.439352 0.019271 0.065741
0 0.277344 0.392593 0.017188 0.064815
0 0.142448 0.437500 0.021354 0.086111
0 0.312500 0.405556 0.014583 0.072222
1 0.525260 0.400000 0.010937 0.072222
3 0.413542 0.388426 0.008333 0.013889
