0 0.211458 0.519907 0.029167 0.104630
0 0.263802 0.767130 0.022396 0.097222
0 0.514323 0.578704 0.015104 0.112963
0 0.833854 0.551389 0.018750 0.113889
0 0.209115 0.354167 0.017188 0.084259
0 0.477604 0.348611 0.015625 0.073148
0 0.414062 0.528704 0.029167 0.105556
0 0.395573 0.385648 0.019271 0.086111
0 0.519010 0.349074 0.019271 0.081481
0 0.715885 0.553241 0.013021 0.112037
0 0.748958 0.485648 0.013542 0.104630
0 0.671094 0.470833 0.024479 0.102778
0 0.325781 0.770833 0.013021 0.130556
1 0.630990 0.524074 0.019271 0.107407
2 0.145052 0.142593 0.018229 0.044444
3 0.613542 0.524074 0.005208 0.011111
