0 0.369792 0.660648 0.028125 0.087963
0 0.090365 0.865741 0.028646 0.103704
0 0.226042 0.981019 0.019792 0.037963
0 0.507031 0.957407 0.018229 0.085185
0 0.146875 0.408333 0.020833 0.051852
0 0.031250 0.668981 0.015625 0.089815
0 0.555990 0.565278 0.008854 0.078704
0 0.143229 0.737037 0.012500 0.098148
0 0.524740 0.821296 0.017188 0.114815
0 0.670312 0.734259 0.011458 0.100000
0 0.649740 0.622222 0.009896 0.094444
0 0.558594 0.537963 0.014063 0.077778
0 0.431771 0.457407 0.009375 0.062963
0 0.439323 0.587500 0.010937 0.082407
0 0.295052 0.643981 0.014063 0.084259
1 0.816406 0.399537 0.007812 0.069444
2 0.647656 0.233796 0.013021 0.050926
3 0.664323 0.481019 0.006771 0.008333
