0 0.498698 0.746759 0.027604 0.117593
0 0.183073 0.693981 0.023438 0.113889
0 0.493490 0.557870 0.026562 0.095370
0 0.483594 0.474537 0.033854 0.093519
0 0.686458 0.407407 0.020833 0.087037
0 0.629687 0.412037 0.012500 0.100000
0 0.984115 0.615741 0.017188 0.105556
0 0.854688 0.407870 0.013542 0.087963
0 0.649219 0.477778 0.024479 0.096296
0 0.640104 0.457870 0.022917 0.089815
0 0.610938 0.424537 0.017708 0.093519
0 0.580990 0.470833 0.019271 0.093519
0 0.582031 0.512037 0.018229 0.079630
0 0.555729 0.466667 0.013542 0.088889
0 0.546354 0.451852 0.019792 0.083333
0 0.342708 0.596759 0.023958 0.100926
0 0.388542 0.693519 0.017708 0.105556
1 0.301563 0.413889 0.017708 0.088889
2 0.342708 0.182870 0.014583 0.063889
3 0.285156 0.742593 0.010937 0.020370
