0 0.015625 0.517593 0.015625 0.077778
0 0.223958 0.423611 0.021875 0.063889
0 0.117708 0.351389 0.012500 0.054630
0 0.381250 0.487037 0.016667 0.077778
0 0.391927 0.419444 0.008854 0.064815
0 0.315365 0.382870 0.018229 0.060185
0 0.500000 0.443981 0.015625 0.067593
0 0.548698 0.474074 0.010937 0.072222
0 0.637500 0.537963 0.012500 0.085185
0 0.311719 0.487963 0.020313 0.077778
0 0.321615 0.432407 0.015104 0.064815
0 0.287500 0.397685 0.023958 0.063889
0 0.041667 0.474074 0.019792 0.075926
0 0.437500 0.421296 0.015625 0.064815
0 0.423438 0.396759 0.007292 0.063889
1 0.948958 0.450926 0.016667 0.064815
2 0.723437 0.242593 0.009375 0.046296
3 0.251302 0.446759 0.014063 0.012037
