0 0.102344 0.772685 0.016146 0.126852
0 0.514323 0.557870 0.014063 0.099074
0 0.453385 0.517130 0.015104 0.086111
0 0.477865 0.418056 0.020313 0.078704
0 0.802083 0.609722 0.019792 0.112037
0 0.759115 0.486111 0.016146 0.083333
0 0.945573 0.434259 0.017188 0.088889
0 0.926042 0.219907 0.009375 0.062037
0 0.249479 0.552315 0.011458 0.097222
0 0.476302 0.618519 0.015104 0.111111
0 0.610417 0.504167 0.010417 0.099074
0 0.677344 0.485185 0.015104 0.074074
0 0.405469 0.477315 0.011979 0.087963
0 0.451042 0.386111 0.009375 0.083333
0 0.528646 0.400000 0.012500 0.083333
0 0.702344 0.354167 0.009896 0.071296
0 0.594271 0.273148 0.010417 0.064815
1 0.120313 0.337500 0.016667 0.056481
2 0.752604 0.642130 0.023958 0.117593
3 0.314583 0.392593 0.008333 0.007407
