0 0.341992 0.721181 0.009766 0.086806
0 0.705469 0.607986 0.017969 0.078472
0 0.587891 0.471875 0.025781 0.067361
0 0.602734 0.438542 0.016406 0.059028
0 0.083789 0.353819 0.008984 0.057639
0 0.167773 0.265625 0.009766 0.054861
0 0.290039 0.290972 0.006641 0.055556
0 0.278125 0.292361 0.007812 0.055556
0 0.323828 0.293403 0.007812 0.057639
0 0.329883 0.427083 0.008984 0.070833
0 0.204687 0.363194 0.008594 0.065278
0 0.468164 0.444792 0.009766 0.067361
0 0.606055 0.614583 0.010547 0.080556
0 0.730273 0.547917 0.023828 0.075000
0 0.643555 0.468403 0.012109 0.065972
0 0.587500 0.410764 0.022656 0.059028
1 0.802930 0.430556 0.011328 0.062500
2 0.197852 0.212500 0.010547 0.040278
