0 0.152083 0.717593 0.027083 0.155556
0 0.646615 0.556019 0.030729 0.134259
0 0.833854 0.468056 0.034375 0.145370
0 0.968750 0.286111 0.022917 0.129630
0 0.994010 0.354630 0.011979 0.133333
0 0.475781 0.637963 0.033854 0.138889
0 0.610677 0.585185 0.050521 0.140741
0 0.545833 0.515741 0.030208 0.144444
0 0.611198 0.453241 0.023438 0.154630
0 0.903125 0.646296 0.029167 0.155556
0 0.773177 0.375926 0.039062 0.131481
0 0.923698 0.331944 0.030729 0.119444
1 0.344792 0.330556 0.044792 0.101852
2 0.702083 0.111111 0.028125 0.127778
3 0.988281 0.418981 0.010937 0.013889
