0 0.471094 0.485178 0.023438 0.090909
0 0.668229 0.422431 0.014583 0.078063
0 0.851302 0.411067 0.020313 0.069170
0 0.695573 0.222332 0.018229 0.075099
0 0.597656 0.352767 0.026562 0.084980
0 0.471094 0.406126 0.014063 0.061265
0 0.772656 0.525692 0.032813 0.096838
0 0.926302 0.264822 0.015104 0.081028
0 0.772917 0.212945 0.015625 0.076087
0 0.721615 0.235672 0.014063 0.074111
0 0.668490 0.401186 0.025521 0.071146
1 0.260156 0.303854 0.019271 0.056324
2 0.061458 0.201581 0.019792 0.053360
3 0.963542 0.311265 0.005208 0.011858
