0 0.070573 0.774537 0.040104 0.130556
0 0.467187 0.553704 0.028125 0.096296
0 0.532813 0.426389 0.031250 0.099074
0 0.761458 0.540278 0.043750 0.086111
0 0.985417 0.417130 0.016667 0.115741
0 0.978385 0.358796 0.020313 0.095370
0 0.669792 0.706019 0.038542 0.125000
0 0.738281 0.557870 0.023438 0.123148
0 0.746615 0.470370 0.042188 0.107407
0 0.728385 0.387500 0.023438 0.087963
0 0.634896 0.312963 0.022917 0.092593
0 0.190365 0.608796 0.025521 0.082407
0 0.425000 0.468519 0.041667 0.101852
2 0.059115 0.177778 0.024479 0.092593
3 0.547917 0.454630 0.007292 0.016667
