0 0.750260 0.592130 0.018229 0.126852
0 0.568229 0.443519 0.029167 0.125926
0 0.272917 0.450000 0.030208 0.100000
0 0.089583 0.374074 0.014583 0.114815
0 0.224740 0.261111 0.013021 0.092593
0 0.640365 0.851389 0.030729 0.158333
0 0.809896 0.621296 0.021875 0.122222
0 0.760677 0.587037 0.015104 0.127778
0 0.397396 0.518056 0.018750 0.108333
0 0.529948 0.441667 0.024479 0.111111
0 0.472656 0.385648 0.018229 0.095370
0 0.403385 0.380093 0.020313 0.113889
0 0.204687 0.413426 0.019792 0.121296
2 0.099740 0.156019 0.020313 0.063889
3 0.753125 0.657407 0.006250 0.014815
