0 0.145313 0.640741 0.019792 0.088889
0 0.427083 0.526852 0.010417 0.077778
0 0.522396 0.422222 0.016667 0.066667
0 0.775000 0.602315 0.014583 0.087963
0 0.785677 0.497685 0.010937 0.080556
0 0.758333 0.369907 0.014583 0.058333
0 0.884115 0.412037 0.013021 0.046296
0 0.651302 0.331481 0.009896 0.055556
0 0.248438 0.549537 0.010417 0.082407
0 0.395573 0.520833 0.011979 0.078704
0 0.440885 0.455093 0.011979 0.073148
0 0.624219 0.467130 0.018229 0.062037
0 0.614844 0.393519 0.010937 0.068519
0 0.597135 0.359722 0.009896 0.056481
0 0.665885 0.422685 0.010937 0.069444
0 0.752083 0.609259 0.013542 0.100000
0 0.944792 0.476389 0.023958 0.076852
0 0.787500 0.417593 0.021875 0.059259
1 0.071094 0.480556 0.013021 0.077778
2 0.642708 0.318056 0.015625 0.056481
3 0.004427 0.367130 0.008854 0.017593
