0 0.178385 0.484190 0.016146 0.110672
0 0.545052 0.244071 0.021354 0.083004
0 0.556250 0.459486 0.021875 0.100791
0 0.789062 0.554842 0.017708 0.117589
0 0.231250 0.618083 0.016667 0.123518
0 0.371875 0.515810 0.016667 0.090909
0 0.526302 0.379447 0.028646 0.096838
0 0.495833 0.295949 0.013542 0.089921
0 0.676562 0.494565 0.018750 0.113636
0 0.746875 0.413538 0.015625 0.099802
0 0.672135 0.377964 0.021354 0.087945
1 0.704427 0.367095 0.021354 0.074111
2 0.937500 0.304348 0.023958 0.045455
3 0.513802 0.268281 0.006771 0.014822
