0 0.314063 0.726852 0.013542 0.098148
0 0.456250 0.515741 0.014583 0.081481
0 0.533594 0.506944 0.025521 0.075000
0 0.816667 0.491204 0.010417 0.069444
0 0.896094 0.404167 0.010937 0.065741
0 0.671354 0.428241 0.013542 0.054630
0 0.430729 0.535185 0.012500 0.081481
0 0.516406 0.531481 0.015104 0.079630
0 0.568229 0.475926 0.019792 0.070370
0 0.725521 0.500926 0.037500 0.037037
0 0.755469 0.499074 0.026562 0.068519
0 0.767708 0.411574 0.014583 0.062037
0 0.765104 0.479630 0.015625 0.059259
0 0.966927 0.437037 0.009896 0.068519
1 0.253385 0.460185 0.019271 0.066667
2 0.350260 0.283796 0.013021 0.069444
3 0.803906 0.518519 0.004687 0.007407
