0 0.102604 0.523715 0.030208 0.090909
0 0.215104 0.289032 0.020833 0.082016
0 0.391146 0.206028 0.016667 0.089921
0 0.685937 0.393775 0.025000 0.091897
0 0.690625 0.460968 0.023958 0.099802
0 0.726823 0.488142 0.019271 0.108696
0 0.801302 0.574111 0.034896 0.102767
0 0.868750 0.602273 0.016667 0.125494
0 0.845573 0.523715 0.025521 0.108696
0 0.601042 0.477767 0.033333 0.082016
0 0.601042 0.457016 0.037500 0.087945
0 0.618490 0.389822 0.022396 0.082016
0 0.551823 0.360178 0.017188 0.091897
0 0.334375 0.325593 0.016667 0.076087
0 0.672917 0.490119 0.023958 0.084980
0 0.841667 0.583004 0.019792 0.106719
0 0.883594 0.550395 0.021354 0.108696
0 0.832552 0.511858 0.016146 0.104743
1 0.922135 0.416008 0.007812 0.108696
2 0.830990 0.144269 0.022396 0.049407
3 0.192969 0.449111 0.007812 0.018775
