0 0.328385 0.568981 0.019271 0.076852
0 0.137760 0.618981 0.008854 0.091667
0 0.132552 0.398148 0.010937 0.055556
0 0.407813 0.945833 0.015625 0.108333
0 0.455990 0.605556 0.008854 0.072222
0 0.891146 0.768981 0.018750 0.106481
0 0.351042 0.391204 0.016667 0.058333
0 0.356250 0.398611 0.013542 0.054630
0 0.330208 0.454630 0.016667 0.053704
0 0.402083 0.558796 0.014583 0.067593
0 0.457552 0.511111 0.010937 0.057407
0 0.425000 0.463889 0.014583 0.059259
0 0.240625 0.611574 0.013542 0.080556
0 0.714583 0.617130 0.017708 0.071296
0 0.016927 0.737037 0.017188 0.100000
0 0.454948 0.651852 0.016146 0.083333
1 0.685937 0.379630 0.013542 0.057407
2 0.455208 0.229167 0.010417 0.047222
3 0.521094 0.449074 0.005729 0.005556
