0 0.540885 0.596838 0.017188 0.100791
0 0.559115 0.421937 0.018229 0.084980
0 0.401562 0.416502 0.009375 0.085968
0 0.322917 0.182806 0.014583 0.077075
0 0.366927 0.751976 0.021354 0.114625
0 0.303906 0.458498 0.020313 0.084980
0 0.424219 0.401680 0.021354 0.068182
0 0.476823 0.352273 0.024479 0.085968
0 0.433333 0.294960 0.019792 0.074111
0 0.402344 0.287549 0.011979 0.077075
0 0.570833 0.441206 0.013542 0.062253
1 0.792708 0.348320 0.018750 0.064229
2 0.911719 0.205534 0.019271 0.053360
3 0.477604 0.473320 0.010417 0.015810
