0 0.821354 0.729167 0.018750 0.110185
0 0.539062 0.593519 0.022917 0.101852
0 0.311979 0.613889 0.019792 0.122222
0 0.107552 0.402315 0.014063 0.086111
0 0.301302 0.387963 0.015104 0.087037
0 0.484896 0.460185 0.014583 0.094444
0 0.374479 0.600463 0.028125 0.093519
0 0.476823 0.619907 0.015104 0.097222
0 0.673958 0.578241 0.023958 0.100926
0 0.572396 0.496296 0.031250 0.088889
0 0.404167 0.459722 0.023958 0.091667
0 0.253125 0.393981 0.023958 0.086111
0 0.210677 0.443519 0.014063 0.098148
1 0.789583 0.396759 0.018750 0.075000
2 0.958854 0.314352 0.013542 0.054630
3 0.360938 0.634259 0.009375 0.022222
