0 0.434375 0.766204 0.019792 0.108333
0 0.772917 0.793519 0.038542 0.105556
0 0.322917 0.569907 0.008333 0.087963
0 0.417708 0.568519 0.023958 0.083333
0 0.218750 0.451389 0.027083 0.069444
0 0.383594 0.739352 0.040104 0.084259
0 0.437760 0.694907 0.053646 0.080556
0 0.566406 0.682407 0.011979 0.074074
0 0.280729 0.585185 0.039583 0.079630
0 0.244531 0.532870 0.024479 0.076852
0 0.259375 0.463889 0.025000 0.070370
0 0.444792 0.546759 0.019792 0.080556
1 0.680729 0.465741 0.016667 0.072222
2 0.411719 0.257870 0.013021 0.045370
3 0.477083 0.546759 0.007292 0.008333
