0 0.839583 0.767593 0.020833 0.107407
0 0.269792 0.581019 0.035417 0.087963
0 0.201302 0.457870 0.010937 0.084259
0 0.240365 0.393981 0.010937 0.075000
0 0.064583 0.438426 0.014583 0.078704
0 0.654427 0.664352 0.005729 0.112037
0 0.379427 0.674074 0.013021 0.105556
0 0.455469 0.561111 0.013021 0.092593
0 0.392969 0.443981 0.013021 0.076852
0 0.230208 0.448148 0.011458 0.077778
0 0.202083 0.382407 0.010417 0.070370
0 0.270052 0.400463 0.013021 0.076852
0 0.191146 0.578704 0.023958 0.092593
0 0.712500 0.670833 0.020833 0.091667
0 0.727865 0.557870 0.016146 0.093519
1 0.526042 0.351852 0.013542 0.074074
2 0.926562 0.975926 0.027083 0.046296
3 0.392708 0.422222 0.015625 0.038889
