0 0.104167 0.827778 0.021875 0.107407
0 0.417969 0.620370 0.016146 0.087037
0 0.484115 0.494907 0.014063 0.063889
0 0.609635 0.889815 0.018229 0.112963
0 0.187240 0.434259 0.022396 0.059259
0 0.105729 0.685185 0.019792 0.092593
0 0.522135 0.808333 0.011979 0.112963
0 0.637760 0.674074 0.011979 0.092593
0 0.621875 0.583333 0.011458 0.085185
0 0.538281 0.491204 0.011979 0.075000
0 0.279167 0.609722 0.012500 0.089815
0 0.377344 0.534259 0.011979 0.081481
0 0.329948 0.431019 0.010937 0.065741
1 0.739062 0.426852 0.016667 0.068519
2 0.540104 0.247222 0.012500 0.048148
3 0.135677 0.258333 0.014063 0.020370
