0 0.173828 0.567708 0.014063 0.084028
0 0.188281 0.497569 0.007812 0.075694
0 0.209961 0.366667 0.008203 0.061111
0 0.192773 0.257292 0.005859 0.050694
0 0.355664 0.258333 0.007422 0.045833
0 0.504687 0.528125 0.021875 0.065972
0 0.721680 0.845139 0.012109 0.090278
0 0.400000 0.358333 0.015625 0.054167
0 0.697070 0.693056 0.011328 0.086111
0 0.650586 0.532986 0.012109 0.079861
0 0.601953 0.504861 0.012500 0.072222
0 0.356250 0.477778 0.010156 0.068056
0 0.274414 0.425000 0.012109 0.068056
0 0.302930 0.379167 0.016016 0.063889
0 0.351367 0.351736 0.017578 0.056250
0 0.425000 0.360417 0.014063 0.055556
0 0.429102 0.315972 0.010547 0.055556
1 0.829883 0.396875 0.008203 0.068750
2 0.995508 0.272569 0.008203 0.032639
