0 0.557552 0.657870 0.019271 0.110185
0 0.697135 0.386574 0.015104 0.065741
0 0.156250 0.639815 0.027083 0.111111
0 0.393229 0.551852 0.016667 0.096296
0 0.335938 0.476389 0.028125 0.076852
0 0.990104 0.403704 0.008333 0.074074
0 0.592969 0.383333 0.046354 0.012963
0 0.336719 0.638889 0.019271 0.105556
0 0.106510 0.570833 0.018229 0.091667
0 0.386198 0.473611 0.022396 0.080556
0 0.510938 0.526389 0.012500 0.100926
0 0.495312 0.416204 0.018750 0.073148
0 0.640365 0.503241 0.013021 0.099074
0 0.618490 0.444444 0.010937 0.088889
0 0.587500 0.414352 0.020833 0.069444
0 0.597917 0.416204 0.023958 0.062037
0 0.908333 0.391204 0.009375 0.087963
1 0.423958 0.392593 0.009375 0.066667
2 0.574479 0.404167 0.014583 0.069444
3 0.425781 0.408333 0.007812 0.014815
