0 0.755208 0.774537 0.026042 0.119444
0 0.851562 0.845833 0.035417 0.125000
0 0.325260 0.453704 0.009896 0.083333
0 0.187760 0.336111 0.022396 0.064815
0 0.167708 0.281481 0.008333 0.062963
0 0.238021 0.325463 0.012500 0.069444
0 0.333333 0.343519 0.009375 0.062963
0 0.363542 0.332407 0.020833 0.044444
0 0.038021 0.443519 0.013542 0.079630
0 0.745573 0.533796 0.015104 0.093519
0 0.725781 0.535185 0.016146 0.094444
0 0.472135 0.413426 0.011979 0.073148
0 0.386198 0.362037 0.018229 0.064815
0 0.314323 0.325463 0.015104 0.069444
0 0.296354 0.321759 0.014583 0.063889
0 0.258594 0.307870 0.011979 0.062037
0 0.254688 0.330556 0.010417 0.061111
0 0.356510 0.352315 0.019271 0.054630
0 0.339844 0.338426 0.018229 0.067593
1 0.555208 0.287963 0.010417 0.064815
3 0.661719 0.699537 0.015104 0.028704
