0 0.252083 0.494444 0.018750 0.074074
0 0.281250 0.445370 0.009375 0.068519
0 0.281510 0.389352 0.015104 0.065741
0 0.038802 0.432407 0.016146 0.072222
0 0.450000 0.518056 0.023958 0.063889
0 0.178646 0.460185 0.020833 0.072222
0 0.361458 0.502315 0.021875 0.078704
0 0.363021 0.422685 0.012500 0.065741
0 0.400000 0.449537 0.023958 0.073148
0 0.464583 0.505556 0.014583 0.062963
0 0.494531 0.487037 0.014063 0.070370
0 0.254688 0.429630 0.012500 0.070370
1 0.689323 0.467593 0.020313 0.053704
2 0.492448 0.254167 0.013021 0.056481
3 0.488021 0.509259 0.004167 0.011111
