0 0.779492 0.813542 0.016797 0.093750
0 0.215234 0.669444 0.013281 0.084722
0 0.420312 0.586111 0.015625 0.070833
0 0.670703 0.551042 0.015625 0.072917
0 0.087109 0.534375 0.010937 0.085417
0 0.217969 0.290625 0.011719 0.061806
0 0.450195 0.372917 0.006641 0.069444
0 0.482031 0.623264 0.012500 0.081250
0 0.600391 0.565625 0.023438 0.065972
0 0.655469 0.528472 0.017188 0.062500
0 0.728711 0.670833 0.014453 0.093056
0 0.114258 0.488542 0.013672 0.079861
0 0.374414 0.441319 0.020703 0.064583
0 0.328711 0.334028 0.008984 0.061111
0 0.503320 0.393750 0.012109 0.063889
0 0.467383 0.367708 0.018359 0.060417
1 0.692187 0.375347 0.014844 0.061806
2 0.878320 0.235069 0.010547 0.032639
3 0.519141 0.594792 0.009375 0.011806
