0 0.363021 0.737963 0.020833 0.161111
0 0.546094 0.734259 0.036979 0.144444
0 0.649740 0.704630 0.022396 0.148148
0 0.692448 0.481019 0.018229 0.136111
0 0.646354 0.432407 0.030208 0.125926
0 0.468229 0.550000 0.021875 0.131481
0 0.304948 0.632870 0.020313 0.136111
0 0.397917 0.508333 0.016667 0.125926
0 0.517188 0.684259 0.050000 0.157407
0 0.559375 0.567130 0.018750 0.134259
0 0.537500 0.481019 0.019792 0.137963
0 0.579427 0.528704 0.033854 0.122222
0 0.556510 0.445370 0.023438 0.124074
0 0.778646 0.512500 0.019792 0.132407
0 0.992188 0.491667 0.015625 0.127778
1 0.204948 0.434722 0.016146 0.132407
2 0.403906 0.550926 0.014063 0.066667
3 0.508854 0.400463 0.013542 0.030556
