0 0.630990 0.713426 0.017188 0.112037
0 0.960677 0.558796 0.017188 0.093519
0 0.953125 0.486574 0.015625 0.078704
0 0.918750 0.460185 0.011458 0.079630
0 0.725521 0.442593 0.010417 0.081481
0 0.681771 0.486111 0.014583 0.083333
0 0.458333 0.542130 0.032292 0.076852
0 0.456250 0.537500 0.011458 0.093519
0 0.538281 0.504167 0.014063 0.097222
0 0.581250 0.552778 0.012500 0.098148
0 0.698438 0.545833 0.020833 0.095370
0 0.856771 0.528241 0.017708 0.089815
0 0.784896 0.452315 0.013542 0.084259
0 0.655208 0.481481 0.022917 0.085185
0 0.684115 0.460648 0.011979 0.082407
1 0.258854 0.484722 0.035417 0.050926
2 0.056510 0.433333 0.022396 0.064815
3 0.547135 0.551852 0.006771 0.009259
