0 0.386198 0.481719 0.019271 0.103755
0 0.491927 0.343379 0.010937 0.080040
0 0.431510 0.303854 0.010937 0.091897
0 0.506510 0.278162 0.009896 0.085968
0 0.666927 0.309783 0.006771 0.095850
0 0.639844 0.197134 0.008854 0.080040
0 0.716667 0.155138 0.009375 0.075099
0 0.992969 0.175395 0.014063 0.076087
0 0.913281 0.412055 0.013021 0.096838
0 0.485677 0.659091 0.027604 0.094862
0 0.555990 0.375988 0.011979 0.093874
0 0.451562 0.310771 0.009375 0.091897
0 0.797396 0.240119 0.008333 0.079051
0 0.562240 0.173913 0.013021 0.077075
0 0.902865 0.120059 0.014063 0.082016
1 0.296094 0.278656 0.011979 0.090909
2 0.055208 0.233696 0.019792 0.060277
3 0.516146 0.407609 0.011458 0.008893
