0 0.230990 0.831944 0.018229 0.139815
0 0.594792 0.524537 0.016667 0.112037
0 0.617448 0.371759 0.023438 0.091667
0 0.612240 0.276389 0.025521 0.100926
0 0.533333 0.164352 0.039583 0.082407
0 0.814583 0.533796 0.028125 0.123148
0 0.387240 0.672222 0.019271 0.112963
0 0.401302 0.610648 0.009896 0.115741
0 0.339323 0.540741 0.019271 0.112963
0 0.363542 0.462037 0.021875 0.090741
0 0.475000 0.333333 0.019792 0.103704
0 0.427083 0.231944 0.023958 0.093519
0 0.753125 0.095833 0.025000 0.102778
1 0.152865 0.396296 0.047396 0.087037
2 0.758073 0.764815 0.063021 0.159259
3 0.598437 0.582870 0.009375 0.013889
