0 0.838021 0.710648 0.013542 0.099074
0 0.432292 0.951389 0.016667 0.097222
0 0.223958 0.551389 0.014583 0.076852
0 0.028646 0.412500 0.011458 0.062037
0 0.145833 0.398611 0.021875 0.049074
0 0.604688 0.550000 0.017708 0.079630
0 0.595573 0.512037 0.009896 0.068519
0 0.547917 0.486111 0.010417 0.075926
0 0.150260 0.670370 0.014063 0.088889
0 0.282813 0.528241 0.014583 0.076852
0 0.557031 0.680556 0.011979 0.092593
0 0.493750 0.518981 0.009375 0.075000
0 0.667969 0.541667 0.022396 0.066667
0 0.654948 0.514352 0.013021 0.075000
0 0.561458 0.468981 0.011458 0.067593
0 0.323698 0.423611 0.008854 0.065741
0 0.288281 0.402778 0.018229 0.057407
1 0.763542 0.448611 0.012500 0.063889
2 0.600781 0.269907 0.010937 0.045370
3 0.595833 0.586574 0.007292 0.012037
