0 0.639583 0.929630 0.043750 0.140741
0 0.440365 0.572685 0.016146 0.108333
0 0.391667 0.328241 0.016667 0.069444
0 0.406771 0.425463 0.008333 0.095370
0 0.072917 0.537963 0.013542 0.100000
0 0.643229 0.419907 0.019792 0.089815
0 0.491406 0.355093 0.017188 0.084259
0 0.582552 0.375000 0.013021 0.083333
0 0.723177 0.641204 0.041146 0.112037
0 0.724219 0.492130 0.013021 0.099074
0 0.681250 0.435185 0.014583 0.092593
0 0.629167 0.432407 0.012500 0.096296
0 0.557292 0.382870 0.020833 0.100926
0 0.511979 0.378241 0.016667 0.082407
0 0.390885 0.446759 0.013021 0.084259
0 0.584375 0.401389 0.013542 0.091667
0 0.497917 0.357407 0.017708 0.068519
1 0.745052 0.370833 0.018229 0.063889
2 0.569010 0.361574 0.015104 0.049074
3 0.747656 0.450463 0.015104 0.013889
