0 0.640625 0.829545 0.033333 0.105731
0 0.389323 0.368577 0.022396 0.081028
0 0.074219 0.553360 0.020313 0.096838
0 0.245052 0.241107 0.014063 0.079051
0 0.537760 0.169960 0.016146 0.077075
0 0.489844 0.128458 0.014063 0.067194
0 0.317969 0.616601 0.024479 0.104743
0 0.131771 0.344368 0.015625 0.093874
0 0.055990 0.270257 0.026562 0.076087
0 0.696354 0.633893 0.026042 0.099802
0 0.706771 0.449605 0.010417 0.086957
0 0.748437 0.351779 0.021875 0.090909
0 0.683854 0.225791 0.013542 0.076087
3 0.413281 0.396739 0.006771 0.014822
