0 0.875391 0.683333 0.018750 0.083333
0 0.437695 0.835764 0.013672 0.100694
0 0.321484 0.612153 0.012500 0.084028
0 0.396094 0.550000 0.012500 0.084722
0 0.249609 0.293403 0.010156 0.067361
0 0.434961 0.386111 0.020703 0.063889
0 0.057031 0.867361 0.014063 0.119444
0 0.036328 0.641319 0.015625 0.092361
0 0.348438 0.697222 0.017188 0.087500
0 0.580273 0.577431 0.015234 0.074306
0 0.741797 0.577083 0.029687 0.072222
0 0.450586 0.513889 0.014453 0.083333
0 0.493359 0.418750 0.015625 0.076389
0 0.419727 0.358681 0.016797 0.061806
0 0.293945 0.286806 0.010547 0.062500
1 0.501367 0.250000 0.016797 0.061111
2 0.782422 0.861458 0.024219 0.124306
3 0.585352 0.967708 0.012891 0.013194
