0 0.245833 0.830556 0.028125 0.131481
0 0.325000 0.565278 0.014583 0.106481
0 0.288542 0.520833 0.019792 0.102778
0 0.252083 0.458796 0.020833 0.091667
0 0.107292 0.525926 0.015625 0.112963
0 0.844010 0.580093 0.015104 0.112037
0 0.567708 0.343981 0.013542 0.082407
0 0.698177 0.245833 0.016146 0.069444
0 0.389844 0.681944 0.022396 0.115741
0 0.564583 0.503241 0.013542 0.102778
0 0.470313 0.418519 0.012500 0.090741
0 0.265365 0.406019 0.014063 0.095370
0 0.067187 0.536574 0.014583 0.102778
0 0.130990 0.486111 0.014063 0.105556
0 0.747135 0.359722 0.014063 0.084259
0 0.549740 0.318981 0.011979 0.076852
0 0.613802 0.264352 0.018229 0.062037
3 0.682813 0.276389 0.008333 0.013889
