0 0.196615 0.750463 0.014063 0.121296
0 0.892708 0.717130 0.033333 0.100926
0 0.578125 0.466667 0.012500 0.079630
0 0.585156 0.408333 0.009896 0.072222
0 0.840365 0.388426 0.024479 0.052778
0 0.704167 0.663889 0.021875 0.100000
0 0.279427 0.585648 0.009896 0.099074
0 0.451562 0.445370 0.018750 0.081481
0 0.477604 0.418519 0.014583 0.079630
0 0.703906 0.419907 0.016146 0.073148
0 0.744010 0.385185 0.009896 0.066667
0 0.837760 0.395833 0.016146 0.056481
1 0.027083 0.428241 0.015625 0.075000
2 0.714063 0.281019 0.018750 0.047222
3 0.803906 0.412963 0.009896 0.011111
