0 0.434896 0.832870 0.021875 0.126852
0 0.181250 0.568056 0.011458 0.091667
0 0.283854 0.427778 0.013542 0.077778
0 0.037500 0.464352 0.020833 0.082407
0 0.029427 0.317593 0.021354 0.064815
0 0.581250 0.499074 0.027083 0.087037
0 0.568750 0.587963 0.016667 0.087037
0 0.420052 0.749074 0.021354 0.107407
0 0.316667 0.529167 0.018750 0.084259
0 0.332552 0.453704 0.023438 0.074074
0 0.375781 0.427778 0.019271 0.070370
0 0.315365 0.377778 0.021354 0.057407
0 0.233854 0.459259 0.012500 0.083333
0 0.053906 0.487963 0.015104 0.085185
0 0.570833 0.487037 0.014583 0.075926
1 0.852865 0.362500 0.016146 0.069444
2 0.667708 0.183796 0.014583 0.043519
3 0.238021 0.182407 0.011458 0.016667
