0 0.799740 0.483333 0.016146 0.098148
0 0.717448 0.417593 0.025521 0.085185
0 0.587240 0.512037 0.013021 0.101852
0 0.495312 0.399074 0.011458 0.090741
0 0.475260 0.318056 0.013021 0.076852
0 0.642969 0.723611 0.018229 0.121296
0 0.588021 0.686574 0.015625 0.112037
0 0.363021 0.449537 0.015625 0.099074
0 0.351042 0.311574 0.018750 0.067593
0 0.761979 0.595833 0.017708 0.110185
0 0.720313 0.486574 0.013542 0.100926
0 0.405208 0.291667 0.009375 0.072222
0 0.409896 0.419907 0.019792 0.082407
0 0.516667 0.799537 0.018750 0.141667
0 0.259635 0.944444 0.039062 0.111111
0 0.155729 0.600463 0.014583 0.115741
0 0.188021 0.313889 0.015625 0.077778
2 0.938542 0.257870 0.011458 0.047222
3 0.200781 0.352315 0.006771 0.012037
