0 0.014323 0.440278 0.028646 0.084259
0 0.380729 0.582407 0.017708 0.090741
0 0.681250 0.767130 0.017708 0.110185
0 0.309635 0.300000 0.011979 0.068519
0 0.520573 0.397685 0.018229 0.071296
0 0.750781 0.514352 0.031771 0.073148
0 0.245312 0.661574 0.019792 0.100926
0 0.434635 0.443056 0.018229 0.062037
0 0.441406 0.334259 0.015104 0.075926
0 0.664062 0.482407 0.022917 0.079630
0 0.625260 0.457870 0.021354 0.076852
0 0.723698 0.569444 0.014063 0.092593
0 0.701042 0.670370 0.022917 0.101852
0 0.709635 0.648148 0.018229 0.107407
1 0.836198 0.300000 0.018229 0.059259
2 0.849479 0.163889 0.014583 0.046296
3 0.435417 0.616204 0.009375 0.013889
