0 0.147135 0.575926 0.015104 0.103704
0 0.499740 0.788426 0.015104 0.132407
0 0.286458 0.940278 0.028125 0.119444
0 0.755990 0.591204 0.013021 0.102778
0 0.723177 0.474074 0.010937 0.096296
0 0.185156 0.312037 0.010937 0.075926
0 0.397917 0.281019 0.014583 0.067593
0 0.396094 0.411111 0.026562 0.077778
0 0.501302 0.389815 0.018229 0.087037
0 0.679167 0.690741 0.021875 0.118519
0 0.585938 0.675000 0.014583 0.103704
0 0.590365 0.507407 0.014063 0.098148
0 0.463802 0.307870 0.014063 0.073148
0 0.345313 0.308796 0.014583 0.069444
0 0.368229 0.427778 0.016667 0.094444
0 0.800260 0.475463 0.014063 0.086111
0 0.731771 0.419444 0.019792 0.090741
2 0.492969 0.791204 0.056771 0.147222
3 0.194792 0.355556 0.007292 0.011111
