0 0.216406 0.500926 0.021354 0.133333
0 0.384635 0.607870 0.019271 0.123148
0 0.694271 0.666667 0.038542 0.107407
0 0.778385 0.313889 0.021354 0.096296
0 0.394792 0.211574 0.014583 0.102778
0 0.545573 0.156019 0.023438 0.087963
0 0.490104 0.121759 0.016667 0.091667
0 0.438542 0.090741 0.015625 0.087037
0 0.408333 0.041667 0.013542 0.077778
0 0.127865 0.709722 0.015104 0.145370
0 0.662240 0.750926 0.027604 0.112963
0 0.608854 0.512037 0.028125 0.118519
0 0.738281 0.388889 0.026562 0.077778
0 0.372656 0.239815 0.021354 0.103704
0 0.453646 0.124537 0.014583 0.099074
0 0.417187 0.064815 0.018750 0.096296
1 0.801302 0.060185 0.025521 0.088889
2 0.156771 0.150463 0.030208 0.087963
3 0.634896 0.728704 0.010417 0.022222
