0 0.197135 0.405093 0.026562 0.073148
0 0.274479 0.441204 0.028125 0.087963
0 0.317188 0.401852 0.015625 0.079630
0 0.396094 0.573148 0.023438 0.114815
0 0.451042 0.452315 0.025000 0.099074
0 0.661979 0.589352 0.032292 0.102778
0 0.658333 0.668519 0.023958 0.122222
0 0.014583 0.781019 0.029167 0.132407
0 0.696615 0.917130 0.025521 0.149074
0 0.127865 0.498148 0.026562 0.100000
0 0.275260 0.387963 0.016146 0.074074
0 0.323958 0.436574 0.016667 0.091667
0 0.605208 0.612963 0.021875 0.114815
1 0.946094 0.499537 0.023438 0.097222
2 0.003906 0.400926 0.007812 0.096296
3 0.442448 0.483796 0.007812 0.015741
