0 0.014844 0.838426 0.029687 0.147222
0 0.117188 0.372222 0.027083 0.088889
0 0.331250 0.283796 0.015625 0.082407
0 0.394792 0.373611 0.021875 0.082407
0 0.583594 0.406481 0.015104 0.088889
0 0.698438 0.531019 0.026042 0.093519
0 0.132812 0.452778 0.048958 0.111111
0 0.242969 0.305093 0.038021 0.089815
0 0.272917 0.363426 0.017708 0.086111
0 0.461458 0.333333 0.026042 0.083333
0 0.584375 0.357870 0.017708 0.080556
0 0.620833 0.412963 0.025000 0.090741
0 0.666406 0.516204 0.016146 0.102778
2 0.005208 0.615741 0.010417 0.081481
3 0.569792 0.433796 0.007292 0.013889
