0 0.366667 0.447685 0.015625 0.089815
0 0.442188 0.405556 0.020833 0.079630
0 0.488281 0.415741 0.030729 0.081481
0 0.574219 0.484259 0.017188 0.098148
0 0.507031 0.542130 0.021354 0.099074
0 0.751302 0.603704 0.025521 0.083333
0 0.725260 0.546759 0.026562 0.082407
0 0.192708 0.722685 0.017708 0.125000
0 0.283073 0.522685 0.022396 0.099074
0 0.401302 0.480556 0.020313 0.098148
0 0.403646 0.388889 0.013542 0.083333
0 0.797656 0.780556 0.022396 0.118519
0 0.764583 0.572222 0.022917 0.092593
1 0.821615 0.501389 0.019271 0.086111
2 0.152865 0.376389 0.038021 0.087963
3 0.497656 0.523148 0.005729 0.009259
