0 0.376302 0.450926 0.017188 0.087037
0 0.465625 0.387500 0.014583 0.082407
0 0.557031 0.410648 0.018229 0.095370
0 0.569792 0.489815 0.013542 0.101852
0 0.597396 0.535648 0.022917 0.104630
0 0.700000 0.531481 0.018750 0.090741
0 0.713021 0.610185 0.041667 0.101852
0 0.226562 0.698148 0.023958 0.116667
0 0.279167 0.527778 0.013542 0.107407
0 0.392969 0.360185 0.016146 0.079630
0 0.426823 0.476389 0.017188 0.099074
0 0.814323 0.570833 0.018229 0.091667
0 0.768750 0.737963 0.043750 0.111111
1 0.830469 0.502315 0.029687 0.106481
2 0.209635 0.371296 0.018229 0.088889
3 0.671875 0.397222 0.011458 0.014815
