0 0.069792 0.436111 0.017708 0.081481
0 0.410677 0.563889 0.024479 0.087037
0 0.273438 0.299074 0.011458 0.074074
0 0.672917 0.765741 0.016667 0.111111
0 0.722396 0.524537 0.036458 0.076852
0 0.510156 0.403704 0.022396 0.066667
0 0.286458 0.636574 0.012500 0.097222
0 0.434375 0.334259 0.010417 0.077778
0 0.442969 0.473611 0.020313 0.069444
0 0.611458 0.445833 0.022917 0.080556
0 0.642708 0.483796 0.013542 0.080556
0 0.742708 0.559722 0.012500 0.099074
0 0.721875 0.654630 0.017708 0.105556
0 0.705208 0.619444 0.017708 0.111111
1 0.847917 0.309722 0.022917 0.058333
2 0.832812 0.166204 0.016667 0.043519
3 0.677604 0.373611 0.005208 0.008333
