0 0.254427 0.273148 0.032813 0.064815
0 0.340365 0.403241 0.026562 0.080556
0 0.477083 0.445833 0.015625 0.100926
0 0.519792 0.418981 0.020833 0.076852
0 0.616927 0.467593 0.027604 0.081481
0 0.714063 0.657407 0.013542 0.112963
0 0.228646 0.385648 0.027083 0.080556
0 0.308073 0.435185 0.020313 0.083333
0 0.358073 0.484722 0.025521 0.093519
0 0.395833 0.335648 0.014583 0.071296
0 0.478646 0.411574 0.022917 0.076852
0 0.581250 0.484722 0.027083 0.089815
0 0.525000 0.451389 0.033333 0.087963
0 0.660677 0.557870 0.017188 0.104630
1 0.790104 0.342593 0.015625 0.077778
2 0.759115 0.195370 0.018229 0.051852
3 0.626823 0.428704 0.004687 0.007407
