0 0.658594 0.514352 0.016146 0.112037
0 0.584635 0.427778 0.029687 0.098148
0 0.523958 0.510648 0.017708 0.106481
0 0.447135 0.416667 0.028646 0.094444
0 0.402604 0.512037 0.038542 0.096296
0 0.347656 0.496759 0.028646 0.115741
0 0.314063 0.375926 0.014583 0.100000
0 0.087760 0.427315 0.029687 0.099074
0 0.765104 0.758796 0.022917 0.139815
0 0.606250 0.513889 0.030208 0.040741
0 0.529167 0.538426 0.026042 0.119444
0 0.277344 0.346759 0.025521 0.095370
0 0.190885 0.476852 0.024479 0.085185
0 0.119792 0.562500 0.018750 0.119444
1 0.687240 0.363426 0.016146 0.099074
3 0.683333 0.408796 0.006250 0.008333
