0 0.346354 0.628704 0.039583 0.081481
0 0.822396 0.685648 0.023958 0.097222
0 0.662240 0.458333 0.023438 0.068519
0 0.674740 0.354630 0.015104 0.066667
0 0.845833 0.386574 0.014583 0.065741
0 0.379427 0.527778 0.019271 0.081481
0 0.646094 0.591204 0.016146 0.093519
0 0.617708 0.440278 0.019792 0.062037
0 0.630208 0.379167 0.014583 0.065741
0 0.675781 0.429167 0.021354 0.067593
0 0.663281 0.403704 0.019271 0.068519
0 0.885938 0.434259 0.017708 0.083333
1 0.325521 0.439352 0.018750 0.065741
2 0.544531 0.223148 0.014063 0.074074
3 0.635417 0.496759 0.009375 0.013889
