0 0.200000 0.559259 0.030208 0.090741
0 0.473438 0.515741 0.016667 0.068519
0 0.635156 0.443519 0.010937 0.070370
0 0.617708 0.493981 0.013542 0.073148
0 0.711979 0.543519 0.023958 0.072222
0 0.729167 0.461111 0.014583 0.072222
0 0.834375 0.421296 0.013542 0.064815
0 0.142969 0.586111 0.020313 0.072222
0 0.567969 0.571759 0.011979 0.091667
0 0.634896 0.540741 0.012500 0.077778
0 0.720573 0.486574 0.024479 0.062037
0 0.753646 0.405093 0.009375 0.069444
0 0.909896 0.557870 0.014583 0.084259
1 0.500781 0.453704 0.016146 0.059259
2 0.354687 0.392130 0.017708 0.050926
3 0.905469 0.549074 0.006771 0.012963
