0 0.569271 0.468981 0.018750 0.147222
0 0.598437 0.400000 0.042708 0.127778
0 0.566927 0.230556 0.015104 0.105556
0 0.499740 0.337037 0.033854 0.116667
0 0.051562 0.981944 0.030208 0.036111
0 0.101302 0.841204 0.026562 0.187963
0 0.392708 0.701852 0.023958 0.177778
0 0.714063 0.714815 0.031250 0.168519
0 0.765625 0.423611 0.028125 0.132407
0 0.652604 0.352778 0.041667 0.114815
0 0.537760 0.306019 0.024479 0.119444
0 0.226823 0.486574 0.033854 0.141667
1 0.749219 0.335185 0.028646 0.111111
2 0.736979 0.122222 0.028125 0.081481
3 0.426823 0.539352 0.011979 0.008333
