0 0.326758 0.616319 0.016797 0.065972
0 0.464062 0.509722 0.032813 0.070833
0 0.576562 0.393056 0.014844 0.070833
0 0.666406 0.362153 0.016406 0.057639
0 0.636523 0.550694 0.013672 0.068056
0 0.662891 0.821875 0.020313 0.088194
0 0.811914 0.492361 0.016016 0.076389
0 0.802539 0.388889 0.008984 0.063889
0 0.282617 0.680903 0.014453 0.081250
0 0.703320 0.860069 0.032422 0.099306
0 0.569336 0.531250 0.014453 0.075000
0 0.676367 0.367361 0.023047 0.059722
0 0.908984 0.304514 0.014844 0.049306
0 0.935742 0.422917 0.016797 0.066667
1 0.268945 0.402083 0.012109 0.059722
2 0.208398 0.257639 0.012109 0.061111
3 0.448633 0.537500 0.007422 0.009722
