0 0.690885 0.597685 0.021354 0.091667
0 0.475260 0.601389 0.030729 0.087963
0 0.458594 0.444907 0.022396 0.080556
0 0.338542 0.536111 0.016667 0.111111
0 0.286458 0.431019 0.011458 0.084259
0 0.355208 0.345833 0.029167 0.067593
0 0.217708 0.506019 0.013542 0.106481
0 0.175521 0.351852 0.018750 0.087037
0 0.233854 0.302778 0.011458 0.074074
0 0.680469 0.655556 0.014063 0.116667
0 0.584375 0.508333 0.023958 0.094444
0 0.424479 0.647222 0.019792 0.107407
0 0.430990 0.457870 0.016146 0.097222
0 0.316146 0.364352 0.022917 0.086111
0 0.231510 0.581481 0.015104 0.124074
0 0.134896 0.268519 0.014583 0.081481
1 0.609375 0.276389 0.014583 0.067593
3 0.400000 0.370833 0.007292 0.006481
