0 0.442773 0.449306 0.020703 0.059722
0 0.533789 0.320139 0.013672 0.052778
0 0.384961 0.749653 0.019141 0.092361
0 0.495312 0.701042 0.012500 0.086806
0 0.346484 0.378819 0.017188 0.047917
0 0.767969 0.487500 0.009375 0.056944
0 0.386328 0.464236 0.021875 0.054861
0 0.414453 0.461111 0.014063 0.019444
0 0.473047 0.362847 0.010937 0.054861
0 0.573047 0.372917 0.014063 0.054167
0 0.501172 0.438194 0.013281 0.056944
0 0.483984 0.560069 0.012500 0.071528
0 0.367773 0.571528 0.011328 0.076389
0 0.454492 0.719444 0.012109 0.091667
0 0.994141 0.710069 0.011719 0.090972
1 0.343164 0.438542 0.017578 0.056250
2 0.244922 0.313889 0.013281 0.063889
3 0.528711 0.525694 0.007422 0.008333
