0 0.342187 0.560764 0.015625 0.063194
0 0.469531 0.719097 0.012500 0.075694
0 0.517188 0.554514 0.016406 0.071528
0 0.435547 0.503125 0.010937 0.072917
0 0.523828 0.465625 0.012500 0.070139
0 0.529297 0.389931 0.015625 0.063194
0 0.407031 0.457639 0.011719 0.072222
0 0.625781 0.387500 0.013281 0.059722
0 0.912109 0.695486 0.014844 0.084028
0 0.456445 0.765278 0.023828 0.084722
0 0.488672 0.689583 0.014063 0.087500
0 0.403711 0.480208 0.008203 0.070139
0 0.421484 0.413542 0.017969 0.067361
0 0.643750 0.530208 0.013281 0.071528
0 0.565625 0.327083 0.010156 0.054167
0 0.977930 0.643056 0.012891 0.083333
1 0.298828 0.456944 0.010937 0.066667
2 0.223047 0.323611 0.013281 0.062500
3 0.619531 0.403472 0.003125 0.005556
