0 0.844271 0.528241 0.019792 0.099074
0 0.739583 0.440278 0.012500 0.104630
0 0.705469 0.417130 0.015104 0.093519
0 0.686458 0.393056 0.015625 0.087963
0 0.657031 0.371759 0.019271 0.084259
0 0.624479 0.464815 0.023958 0.092593
0 0.596094 0.479630 0.022396 0.090741
0 0.570052 0.357870 0.016146 0.073148
0 0.467708 0.517130 0.016667 0.100926
0 0.292969 0.441204 0.011979 0.087963
0 0.254688 0.211111 0.014583 0.059259
0 0.675781 0.406019 0.024479 0.086111
0 0.622135 0.496759 0.015104 0.097222
0 0.588021 0.498148 0.015625 0.096296
0 0.548438 0.471296 0.017708 0.098148
0 0.594271 0.359722 0.019792 0.080556
0 0.475000 0.648611 0.016667 0.123148
0 0.134896 0.553704 0.028125 0.112963
1 0.745313 0.392593 0.008333 0.092593
3 0.951042 0.486574 0.013542 0.008333
