0 0.658594 0.411574 0.020313 0.075000
0 0.692187 0.533796 0.014583 0.115741
0 0.522917 0.704630 0.026042 0.137037
0 0.307552 0.670833 0.024479 0.125000
0 0.367448 0.522685 0.014063 0.110185
0 0.476302 0.472685 0.017188 0.104630
0 0.346615 0.383333 0.026562 0.090741
0 0.068229 0.396759 0.026042 0.100926
0 0.006771 0.325000 0.013542 0.075926
0 0.693750 0.427778 0.020833 0.072222
0 0.928125 0.697685 0.019792 0.150926
0 0.428906 0.738889 0.020313 0.133333
0 0.404948 0.526389 0.015104 0.102778
1 0.533073 0.341204 0.016146 0.047222
2 0.890885 0.305556 0.025521 0.057407
