0 0.685417 0.454167 0.027083 0.091667
0 0.319010 0.525463 0.022396 0.102778
0 0.442448 0.404167 0.029687 0.076852
0 0.491927 0.355093 0.026562 0.078704
0 0.407031 0.314352 0.020313 0.069444
0 0.370312 0.317130 0.019792 0.063889
0 0.035156 0.454630 0.017188 0.103704
0 0.764323 0.592130 0.018229 0.112037
0 0.372396 0.514815 0.029167 0.105556
0 0.431510 0.347222 0.019271 0.088889
0 0.353646 0.297222 0.025000 0.072222
0 0.281510 0.361111 0.015104 0.090741
1 0.773438 0.349074 0.017708 0.094444
2 0.062500 0.368056 0.022917 0.099074
