0 0.261133 0.884722 0.012891 0.106944
0 0.527930 0.572569 0.016016 0.070139
0 0.848047 0.662500 0.012500 0.091667
0 0.729102 0.467014 0.021484 0.052083
0 0.564063 0.411458 0.007812 0.065972
0 0.401367 0.357986 0.022266 0.059028
0 0.563281 0.146875 0.007031 0.046528
0 0.830469 0.201736 0.008594 0.052083
0 0.258398 0.578819 0.011328 0.078472
0 0.455859 0.596875 0.012500 0.078472
0 0.676367 0.542708 0.010547 0.082639
0 0.643359 0.389583 0.017969 0.055556
0 0.977148 0.436458 0.014453 0.077083
0 0.612305 0.244444 0.007422 0.056944
0 0.534180 0.442014 0.012891 0.060417
0 0.359961 0.393403 0.013672 0.059028
0 0.431836 0.337847 0.019922 0.042361
0 0.474414 0.220139 0.008984 0.052778
1 0.052734 0.287500 0.010156 0.059722
2 0.135937 0.143056 0.014063 0.055556
3 0.563672 0.155556 0.007812 0.011111
