0 0.712760 0.666667 0.025521 0.088889
0 0.538281 0.630556 0.032813 0.094444
0 0.479427 0.486574 0.032813 0.099074
0 0.526042 0.364815 0.021875 0.085185
0 0.394271 0.269444 0.023958 0.074074
0 0.309635 0.238889 0.014063 0.077778
0 0.192969 0.383333 0.024479 0.087037
0 0.029167 0.343519 0.016667 0.092593
0 0.645052 0.718981 0.020313 0.117593
0 0.281250 0.283333 0.014583 0.066667
0 0.091146 0.219444 0.016667 0.074074
0 0.034896 0.124537 0.014583 0.056481
0 0.126823 0.763889 0.024479 0.133333
1 0.792448 0.232407 0.018229 0.074074
2 0.115885 0.331944 0.027604 0.106481
3 0.463281 0.527315 0.006771 0.013889
