0 0.700781 0.620370 0.018229 0.122222
0 0.555208 0.470833 0.018750 0.100926
0 0.508854 0.452315 0.017708 0.093519
0 0.508073 0.360185 0.021354 0.081481
0 0.478906 0.569444 0.014063 0.111111
0 0.339583 0.348148 0.031250 0.079630
0 0.291667 0.400000 0.015625 0.096296
0 0.299740 0.384259 0.024479 0.081481
0 0.627344 0.543981 0.033854 0.087963
0 0.461458 0.356019 0.028125 0.071296
0 0.413802 0.452778 0.028646 0.088889
0 0.544792 0.920370 0.020833 0.148148
0 0.278906 0.395833 0.044271 0.067593
0 0.180729 0.247222 0.016667 0.074074
0 0.128385 0.334259 0.016146 0.079630
1 0.718750 0.381944 0.021875 0.076852
2 0.350521 0.328241 0.020833 0.047222
3 0.721094 0.318981 0.008854 0.015741
