0 0.152604 0.691204 0.020833 0.099074
0 0.597656 0.691204 0.019271 0.108333
0 0.323698 0.515278 0.024479 0.087963
0 0.623698 0.501389 0.026562 0.095370
0 0.636198 0.341667 0.015104 0.083333
0 0.748437 0.306481 0.013542 0.081481
0 0.864062 0.442593 0.010417 0.090741
0 0.134115 0.674074 0.020313 0.109259
0 0.531510 0.736574 0.027604 0.125000
0 0.451823 0.553704 0.016146 0.103704
0 0.778385 0.338889 0.024479 0.077778
0 0.950260 0.452778 0.019271 0.090741
1 0.491667 0.259722 0.015625 0.080556
2 0.076042 0.924074 0.029167 0.148148
3 0.619010 0.168519 0.006771 0.014815
