0 0.733854 0.481019 0.022917 0.087963
0 0.590625 0.415741 0.022917 0.083333
0 0.524219 0.630556 0.016146 0.133333
0 0.371875 0.449537 0.027083 0.076852
0 0.364844 0.389352 0.017188 0.080556
0 0.294531 0.365278 0.023438 0.078704
0 0.257812 0.635648 0.015625 0.134259
0 0.128385 0.358796 0.018229 0.093519
0 0.060417 0.318981 0.020833 0.080556
0 0.850521 0.578241 0.025000 0.125000
0 0.566667 0.417130 0.018750 0.093519
0 0.237240 0.406481 0.022396 0.077778
0 0.282552 0.543519 0.029687 0.109259
0 0.019792 0.826852 0.025000 0.162963
1 0.400521 0.321296 0.022917 0.092593
2 0.562500 0.383796 0.015625 0.041667
3 0.806510 0.587500 0.009896 0.015741
