0 0.623958 0.453241 0.028125 0.093519
0 0.479167 0.354630 0.017708 0.085185
0 0.382031 0.294444 0.024479 0.083333
0 0.327604 0.331481 0.015625 0.083333
0 0.332813 0.399074 0.025000 0.094444
0 0.315885 0.471296 0.014063 0.105556
0 0.631771 0.588426 0.027083 0.117593
0 0.474219 0.461574 0.018229 0.091667
0 0.415885 0.345833 0.021354 0.080556
0 0.266406 0.279167 0.015104 0.082407
0 0.201563 0.407407 0.018750 0.100000
0 0.009375 0.439352 0.018750 0.097222
1 0.589583 0.403241 0.013542 0.063889
3 0.639583 0.500000 0.008333 0.012963
