0 0.775521 0.649537 0.022917 0.100926
0 0.584896 0.635648 0.033333 0.089815
0 0.600521 0.523148 0.025000 0.092593
0 0.627083 0.403704 0.019792 0.081481
0 0.525781 0.350463 0.011979 0.089815
0 0.406510 0.287500 0.009896 0.082407
0 0.374219 0.431481 0.017188 0.096296
0 0.212240 0.382407 0.011979 0.096296
0 0.823438 0.698148 0.016667 0.107407
0 0.474740 0.377315 0.019271 0.080556
0 0.315885 0.648611 0.015104 0.100926
0 0.190625 0.316667 0.028125 0.081481
0 0.195052 0.270370 0.011979 0.079630
0 0.209896 0.184722 0.009375 0.060185
1 0.878906 0.286574 0.018229 0.084259
2 0.235156 0.373611 0.016146 0.104630
3 0.364063 0.682407 0.010417 0.016667
