0 0.338867 0.549306 0.029297 0.059722
0 0.333789 0.361458 0.026172 0.085417
0 0.349805 0.208681 0.018359 0.068750
0 0.394141 0.164583 0.012500 0.072222
0 0.541797 0.387153 0.021094 0.079861
0 0.649609 0.250694 0.029687 0.077778
0 0.581836 0.143403 0.012109 0.068750
0 0.817578 0.644792 0.036719 0.085417
0 0.375977 0.605903 0.023047 0.092361
0 0.473438 0.327083 0.023438 0.077778
0 0.408203 0.155208 0.014063 0.064583
0 0.574023 0.028819 0.020703 0.056250
0 0.844141 0.692708 0.042969 0.103472
0 0.730664 0.151389 0.010547 0.062500
0 0.815234 0.036458 0.012500 0.064583
1 0.047852 0.290278 0.018359 0.072222
2 0.931055 0.111111 0.019922 0.080556
3 0.323633 0.578819 0.005859 0.010417
