0 0.325260 0.640278 0.021354 0.106481
0 0.891667 0.613426 0.027083 0.099074
0 0.557813 0.476852 0.020833 0.081481
0 0.386458 0.365278 0.025000 0.082407
0 0.258594 0.228704 0.010937 0.074074
0 0.213802 0.307870 0.009896 0.086111
0 0.447135 0.646759 0.022396 0.091667
0 0.782552 0.606944 0.015104 0.108333
0 0.588802 0.567593 0.032813 0.094444
0 0.658594 0.468519 0.022396 0.087037
0 0.613281 0.412963 0.016146 0.096296
0 0.411458 0.490741 0.022917 0.103704
0 0.438802 0.317130 0.015104 0.080556
0 0.295312 0.423148 0.016667 0.100000
0 0.036458 0.516204 0.017708 0.104630
1 0.933854 0.328704 0.025000 0.087037
2 0.223177 0.403241 0.030729 0.108333
3 0.696094 0.613889 0.014063 0.016667
