0 0.301302 0.318056 0.009896 0.056481
0 0.361979 0.295833 0.021875 0.060185
0 0.332813 0.393519 0.017708 0.074074
0 0.495312 0.467593 0.017708 0.085185
0 0.605990 0.428241 0.013021 0.087963
0 0.410156 0.318519 0.018229 0.062963
0 0.400781 0.409722 0.021354 0.078704
0 0.346615 0.380556 0.024479 0.074074
0 0.563281 0.381019 0.020313 0.069444
0 0.565625 0.479630 0.015625 0.087037
0 0.491146 0.556481 0.020833 0.105556
0 0.682292 0.438426 0.017708 0.093519
1 0.864583 0.386574 0.008333 0.091667
3 0.664062 0.516204 0.006250 0.006481
