0 0.504167 0.767130 0.018750 0.139815
0 0.458594 0.523611 0.015104 0.113889
0 0.410417 0.402315 0.014583 0.097222
0 0.158073 0.225000 0.015104 0.079630
0 0.579688 0.331481 0.010417 0.096296
0 0.212240 0.469444 0.018229 0.103704
0 0.305208 0.412037 0.021875 0.107407
0 0.364844 0.372685 0.019271 0.104630
0 0.391406 0.356481 0.014063 0.092593
0 0.413542 0.276852 0.013542 0.075926
0 0.531250 0.452778 0.014583 0.100000
0 0.526302 0.345370 0.010937 0.090741
1 0.554688 0.349537 0.012500 0.102778
3 0.488021 0.335648 0.006250 0.012037
