0 0.778906 0.528704 0.026562 0.101852
0 0.429948 0.504167 0.023438 0.097222
0 0.403385 0.393056 0.032813 0.087963
0 0.042448 0.725926 0.024479 0.137037
0 0.068750 0.289352 0.021875 0.073148
0 0.373437 0.607407 0.015625 0.114815
0 0.489583 0.579167 0.015625 0.115741
0 0.551823 0.485648 0.033854 0.095370
0 0.529687 0.441667 0.023958 0.112963
0 0.314844 0.375000 0.032813 0.085185
0 0.157292 0.469907 0.017708 0.104630
0 0.177865 0.555093 0.028646 0.112037
0 0.155208 0.740278 0.020833 0.126852
1 0.728906 0.409259 0.023438 0.081481
3 0.761979 0.560648 0.009375 0.015741
