0 0.175000 0.855556 0.028125 0.162963
0 0.195573 0.623148 0.019271 0.137037
0 0.147396 0.400000 0.016667 0.101852
0 0.300000 0.265278 0.013542 0.089815
0 0.576302 0.506944 0.022396 0.112037
0 0.644531 0.654630 0.016146 0.137037
0 0.377083 0.294907 0.015625 0.093519
0 0.339583 0.362963 0.015625 0.096296
0 0.326042 0.516667 0.017708 0.122222
0 0.483333 0.402315 0.018750 0.106481
0 0.662500 0.583333 0.017708 0.138889
0 0.729948 0.498611 0.014063 0.119444
0 0.953385 0.687963 0.019271 0.144444
1 0.980990 0.449074 0.014063 0.120370
2 0.910937 0.368981 0.021875 0.093519
3 0.914844 0.428241 0.008854 0.015741
