0 0.325000 0.669444 0.018750 0.118519
0 0.183594 0.538426 0.028646 0.100926
0 0.261198 0.438889 0.013021 0.088889
0 0.294792 0.393981 0.010417 0.087963
0 0.648438 0.529167 0.029167 0.089815
0 0.407552 0.635648 0.021354 0.102778
0 0.309375 0.527315 0.021875 0.089815
0 0.147656 0.356944 0.013021 0.084259
0 0.254688 0.459259 0.027083 0.096296
0 0.316667 0.349074 0.019792 0.087037
0 0.393490 0.384259 0.024479 0.087037
0 0.396875 0.470370 0.020833 0.098148
0 0.540885 0.460185 0.039062 0.087037
0 0.603125 0.521759 0.021875 0.089815
1 0.736979 0.362037 0.012500 0.081481
2 0.815625 0.180556 0.013542 0.044444
3 0.517188 0.293056 0.008333 0.013889
