1 0.381641 0.386458 0.029687 0.085417
1 0.419727 0.938889 0.023828 0.122222
0 0.612109 0.596181 0.024219 0.099306
0 0.925195 0.558681 0.019922 0.109028
0 0.679688 0.430556 0.029687 0.086111
0 0.736328 0.181250 0.023438 0.068056
0 0.396680 0.560417 0.026953 0.102778
0 0.476172 0.440625 0.035156 0.089583
0 0.451758 0.387153 0.031641 0.081250
0 0.619141 0.269792 0.029687 0.079861
0 0.789844 0.313194 0.021875 0.083333
0 0.572852 0.648611 0.023047 0.112500
0 0.854492 0.594792 0.023828 0.106250
0 0.707812 0.482986 0.021094 0.097917
0 0.797656 0.455903 0.021875 0.099306
2 0.198047 0.348611 0.023438 0.088889
