0 0.765885 0.546759 0.034896 0.119444
1 0.095573 0.541204 0.025521 0.141667
0 0.185677 0.343981 0.027604 0.112037
0 0.303646 0.439352 0.035417 0.128704
0 0.264323 0.269907 0.029687 0.100926
0 0.391927 0.322222 0.030729 0.105556
0 0.399219 0.520833 0.043229 0.108333
0 0.421354 0.345833 0.031250 0.108333
0 0.460156 0.426389 0.035937 0.113889
0 0.912500 0.831481 0.033333 0.168519
0 0.012500 0.265741 0.022917 0.107407
0 0.126823 0.433796 0.028646 0.125000
0 0.333594 0.579167 0.031771 0.132407
0 0.264323 0.277778 0.019271 0.105556
0 0.388021 0.413426 0.032292 0.113889
0 0.385417 0.340278 0.031250 0.106481
2 0.815104 0.302778 0.029167 0.098148
