1 0.033333 0.489815 0.034375 0.140741
0 0.448698 0.580556 0.028646 0.157407
0 0.485156 0.289352 0.030729 0.121296
0 0.779948 0.523611 0.039062 0.154630
0 0.705469 0.756481 0.039062 0.192593
0 0.820573 0.507870 0.035937 0.141667
0 0.392448 0.590278 0.033854 0.158333
0 0.622135 0.590741 0.035937 0.131481
0 0.477865 0.498611 0.049479 0.132407
0 0.393229 0.363889 0.027083 0.125926
0 0.542969 0.308796 0.024479 0.121296
0 0.421875 0.245833 0.025000 0.108333
0 0.272396 0.248148 0.023958 0.120370
0 0.278385 0.193519 0.024479 0.098148
2 0.732292 0.187500 0.022917 0.115741
