0 0.577083 0.435648 0.027083 0.121296
0 0.483333 0.337037 0.025000 0.118519
0 0.475260 0.736111 0.028646 0.168519
0 0.309375 0.359722 0.039583 0.104630
1 0.107552 0.310648 0.042188 0.115741
0 0.640625 0.446296 0.036458 0.129630
0 0.530208 0.362963 0.023958 0.118519
0 0.466146 0.400463 0.046875 0.132407
0 0.310156 0.512037 0.033854 0.133333
0 0.274219 0.407870 0.027604 0.130556
0 0.322917 0.369444 0.031250 0.129630
0 0.353906 0.358333 0.035937 0.118519
0 0.009115 0.308333 0.018229 0.118519
2 0.790625 0.375463 0.036458 0.100926
