1 0.164323 0.621296 0.033854 0.192593
1 0.022917 0.376852 0.036458 0.144444
1 0.093750 0.287963 0.022917 0.118519
0 0.486198 0.412963 0.029687 0.146296
0 0.652604 0.440741 0.039583 0.148148
0 0.334115 0.343981 0.029687 0.113889
0 0.329167 0.312037 0.032292 0.098148
0 0.187500 0.380556 0.030208 0.148148
0 0.389062 0.451852 0.033333 0.140741
0 0.653385 0.419907 0.020313 0.149074
0 0.581771 0.403704 0.033333 0.129630
0 0.520573 0.375000 0.032813 0.133333
0 0.366406 0.333333 0.029687 0.131481
0 0.360156 0.311111 0.039062 0.103704
0 0.326823 0.309722 0.045312 0.112037
2 0.709635 0.374537 0.033854 0.119444
