0 0.794271 0.610185 0.034375 0.137037
0 0.530990 0.485185 0.034896 0.101852
0 0.476302 0.414815 0.026562 0.103704
0 0.421094 0.400463 0.038021 0.108333
1 0.345052 0.508796 0.044271 0.125000
0 0.403385 0.608333 0.032813 0.129630
1 0.027604 0.622685 0.023958 0.152778
1 0.176563 0.397222 0.033333 0.112963
1 0.285156 0.343519 0.029687 0.105556
0 0.899219 0.755556 0.028646 0.164815
0 0.455990 0.458333 0.028646 0.096296
0 0.403385 0.414815 0.026562 0.109259
0 0.367448 0.575926 0.042188 0.125926
0 0.249479 0.335648 0.029167 0.110185
2 0.729167 0.350926 0.028125 0.088889
