1 0.262109 0.723958 0.042188 0.085417
0 0.759375 0.759028 0.021875 0.118056
0 0.592969 0.480903 0.020313 0.088194
0 0.565039 0.361111 0.023828 0.091667
0 0.858789 0.294097 0.016016 0.079861
1 0.195312 0.437153 0.028906 0.088194
1 0.309375 0.306250 0.017188 0.087500
0 0.659375 0.164931 0.021094 0.075694
0 0.181250 0.769792 0.031250 0.114583
0 0.813281 0.778472 0.033594 0.102778
0 0.671875 0.530208 0.018750 0.092361
0 0.329688 0.497917 0.025781 0.105556
0 0.958984 0.149306 0.017969 0.077778
0 0.381055 0.303472 0.020703 0.086111
