0 0.968490 0.761574 0.035937 0.152778
0 0.883333 0.431944 0.041667 0.108333
0 0.762500 0.243519 0.032292 0.100000
0 0.584635 0.400926 0.029687 0.103704
0 0.482812 0.287963 0.028125 0.109259
0 0.423958 0.157870 0.023958 0.097222
0 0.526563 0.059722 0.021875 0.084259
0 0.620313 0.120833 0.028125 0.095370
0 0.328385 0.650000 0.030729 0.124074
1 0.188802 0.206944 0.022396 0.104630
0 0.293750 0.861111 0.033333 0.188889
0 0.865104 0.948611 0.042708 0.102778
0 0.871875 0.500000 0.059375 0.085185
0 0.699479 0.326389 0.028125 0.112037
0 0.696615 0.207870 0.024479 0.102778
0 0.562500 0.070370 0.017708 0.088889
0 0.256250 0.296296 0.028125 0.109259
0 0.033594 0.106019 0.024479 0.095370
