0 0.644271 0.658796 0.029167 0.156481
0 0.696354 0.532407 0.029167 0.131481
1 0.429948 0.660648 0.032813 0.163889
0 0.517448 0.485185 0.034896 0.131481
1 0.302083 0.403241 0.025000 0.117593
1 0.415104 0.311574 0.023958 0.108333
1 0.301042 0.273148 0.025000 0.105556
1 0.184635 0.280556 0.027604 0.112963
1 0.169531 0.231481 0.025521 0.100000
0 0.701042 0.754630 0.042708 0.194444
0 0.661198 0.537963 0.049479 0.120370
0 0.434635 0.599074 0.033854 0.144444
0 0.360156 0.310185 0.034896 0.105556
2 0.568490 0.218519 0.022396 0.109259
