0 0.785417 0.441667 0.026042 0.138889
0 0.462240 0.408796 0.025521 0.145370
0 0.446875 0.346759 0.027083 0.137963
0 0.365365 0.322222 0.025521 0.116667
1 0.188281 0.594907 0.039062 0.186111
1 0.106510 0.362963 0.024479 0.131481
1 0.114583 0.295833 0.023958 0.119444
0 0.696615 0.451389 0.031771 0.152778
0 0.559115 0.408333 0.027604 0.150000
0 0.473438 0.378704 0.036458 0.125926
0 0.391667 0.347685 0.039583 0.065741
0 0.346615 0.314815 0.027604 0.122222
0 0.288542 0.335648 0.031250 0.119444
0 0.378906 0.456944 0.025521 0.139815
0 0.172135 0.381944 0.024479 0.137963
2 0.776042 0.374537 0.030208 0.134259
