0 0.339323 0.316204 0.029687 0.095370
0 0.459115 0.298148 0.023438 0.105556
0 0.370052 0.416204 0.033854 0.117593
0 0.499219 0.390278 0.029687 0.100926
0 0.583073 0.669907 0.024479 0.141667
0 0.591146 0.506481 0.029167 0.129630
0 0.720573 0.665278 0.027604 0.149074
0 0.805729 0.474537 0.026042 0.130556
0 0.752604 0.424537 0.034375 0.117593
0 0.187240 0.317130 0.022396 0.097222
0 0.141927 0.562500 0.026562 0.134259
0 0.320833 0.926389 0.052083 0.147222
0 0.485677 0.787963 0.038021 0.170370
0 0.386458 0.277315 0.021875 0.100926
0 0.375781 0.401389 0.034896 0.115741
0 0.723437 0.464352 0.027083 0.119444
0 0.755469 0.588889 0.029687 0.129630
