0 0.747396 0.772685 0.026042 0.154630
0 0.864844 0.834722 0.027604 0.165741
1 0.241667 0.327778 0.025000 0.103704
0 0.340625 0.341667 0.015625 0.100000
0 0.321875 0.339815 0.028125 0.079630
1 0.185677 0.333333 0.022396 0.105556
1 0.157812 0.280093 0.022917 0.087963
1 0.031771 0.441204 0.019792 0.112037
0 0.323698 0.454167 0.019271 0.106481
0 0.744010 0.532407 0.024479 0.118519
0 0.725521 0.532870 0.027083 0.119444
0 0.468750 0.412037 0.020833 0.101852
0 0.383594 0.356944 0.023438 0.099074
0 0.357812 0.346759 0.025000 0.091667
0 0.313281 0.325000 0.025521 0.098148
0 0.294010 0.320833 0.025521 0.091667
0 0.256771 0.306481 0.022917 0.092593
0 0.259896 0.327315 0.027083 0.089815
0 0.337760 0.334722 0.026562 0.097222
2 0.556510 0.287963 0.020313 0.088889
