1 0.256250 0.937963 0.031250 0.124074
0 0.414062 0.430556 0.029167 0.112963
0 0.412500 0.300000 0.018750 0.100000
1 0.188542 0.315278 0.018750 0.106481
1 0.163542 0.617130 0.025000 0.139815
0 0.534896 0.805556 0.039583 0.172222
0 0.765104 0.600926 0.023958 0.138889
0 0.718229 0.499074 0.021875 0.124074
0 0.352083 0.468056 0.026042 0.125000
0 0.488281 0.334259 0.021354 0.112963
0 0.486719 0.407870 0.023438 0.121296
0 0.583073 0.518519 0.023438 0.131481
0 0.601562 0.750463 0.031250 0.149074
0 0.591406 0.700463 0.024479 0.141667
0 0.798177 0.491667 0.022396 0.129630
0 0.686458 0.414352 0.028125 0.112037
0 0.344271 0.318519 0.021875 0.101852
