0 0.716146 0.505556 0.030208 0.094444
1 0.193490 0.390741 0.031771 0.088889
1 0.023698 0.437500 0.034896 0.102778
1 0.014583 0.400463 0.029167 0.095370
1 0.089844 0.608796 0.024479 0.139815
1 0.221875 0.667130 0.034375 0.141667
0 0.390885 0.831481 0.028646 0.172222
0 0.395833 0.627315 0.030208 0.128704
0 0.420312 0.663426 0.023958 0.128704
0 0.534896 0.635648 0.027083 0.134259
0 0.678646 0.493056 0.036458 0.095370
0 0.617708 0.517593 0.030208 0.109259
0 0.352604 0.493981 0.020833 0.110185
0 0.319792 0.408796 0.022917 0.097222
0 0.127344 0.546296 0.028646 0.112963
2 0.761979 0.431019 0.034375 0.078704
