1 0.253906 0.460185 0.027604 0.144444
1 0.224740 0.528704 0.025521 0.122222
1 0.305208 0.320833 0.032292 0.117593
0 0.659375 0.480093 0.053125 0.084259
0 0.581250 0.518981 0.038542 0.141667
0 0.777083 0.720370 0.039583 0.170370
0 0.710156 0.508796 0.028646 0.119444
0 0.615625 0.397685 0.030208 0.123148
0 0.468750 0.397685 0.031250 0.123148
0 0.373177 0.349537 0.030729 0.117593
0 0.376823 0.489352 0.023438 0.134259
0 0.345052 0.487963 0.041146 0.148148
0 0.181771 0.405556 0.023958 0.131481
0 0.581250 0.483796 0.033333 0.132407
2 0.739062 0.337037 0.026042 0.125926
