0 0.406510 0.599074 0.033854 0.124074
0 0.596094 0.452778 0.020313 0.129630
0 0.680990 0.852778 0.034896 0.194444
0 0.904427 0.612037 0.033854 0.155556
1 0.068750 0.774537 0.028125 0.186111
1 0.088281 0.334259 0.024479 0.096296
1 0.145573 0.427778 0.030729 0.114815
0 0.812240 0.715741 0.034896 0.168519
0 0.958854 0.595833 0.047917 0.132407
0 0.500260 0.551852 0.024479 0.129630
0 0.504427 0.480093 0.033854 0.110185
0 0.621875 0.443519 0.022917 0.120370
0 0.300521 0.359259 0.029167 0.109259
0 0.316406 0.311574 0.025521 0.097222
0 0.104167 0.488889 0.028125 0.120370
0 0.494792 0.354167 0.023958 0.102778
2 0.777604 0.293056 0.027083 0.102778
