0 0.574740 0.593519 0.028646 0.133333
1 0.311719 0.795370 0.026562 0.170370
0 0.654948 0.843056 0.033854 0.165741
1 0.310677 0.373148 0.025521 0.085185
0 0.486979 0.446759 0.026042 0.110185
0 0.699479 0.692593 0.025000 0.153704
0 0.276042 0.792593 0.027083 0.174074
0 0.476823 0.587037 0.021354 0.144444
0 0.528906 0.499537 0.026562 0.117593
0 0.434896 0.412037 0.026042 0.098148
0 0.435156 0.487500 0.029687 0.106481
0 0.476823 0.468981 0.022396 0.110185
0 0.476562 0.428704 0.026042 0.107407
0 0.358073 0.438889 0.025521 0.112963
2 0.658594 0.396296 0.026562 0.101852
