0 0.810156 0.837500 0.039062 0.156481
0 0.767448 0.766667 0.047396 0.131481
0 0.326562 0.452315 0.017708 0.112037
1 0.043490 0.447222 0.022396 0.111111
1 0.177604 0.283333 0.018750 0.090741
1 0.207031 0.343981 0.036979 0.089815
1 0.234115 0.332870 0.033854 0.089815
0 0.327865 0.358796 0.032813 0.078704
0 0.364323 0.324074 0.030729 0.088889
0 0.727344 0.534259 0.025521 0.122222
0 0.747135 0.534259 0.023438 0.120370
0 0.476042 0.413889 0.025000 0.100000
0 0.256250 0.332870 0.022917 0.093519
0 0.261458 0.307870 0.022917 0.089815
0 0.298698 0.321296 0.024479 0.088889
0 0.320052 0.326852 0.022396 0.094444
0 0.341146 0.339352 0.030208 0.097222
0 0.362500 0.352315 0.029167 0.086111
0 0.390885 0.357870 0.030729 0.097222
2 0.556771 0.288426 0.023958 0.089815
