0 0.549219 0.881481 0.027604 0.201852
1 0.029167 0.873611 0.033333 0.226852
0 0.559896 0.591667 0.029167 0.157407
0 0.877344 0.554167 0.028646 0.152778
0 0.817708 0.502778 0.027083 0.155556
0 0.499219 0.413426 0.025521 0.121296
1 0.205469 0.383796 0.033854 0.093519
1 0.047656 0.296296 0.034896 0.103704
0 0.703385 0.905093 0.029687 0.189815
0 0.832812 0.714815 0.026042 0.185185
0 0.937760 0.565741 0.029687 0.161111
0 0.783073 0.455556 0.026562 0.150000
0 0.680469 0.514352 0.022396 0.141667
0 0.552083 0.469444 0.022917 0.133333
0 0.576562 0.383333 0.034375 0.098148
0 0.227344 0.474537 0.026562 0.139815
0 0.248177 0.384259 0.027604 0.109259
0 0.311198 0.331481 0.023438 0.111111
2 0.940625 0.345833 0.022917 0.128704
