0 0.863802 0.411111 0.034896 0.120370
0 0.752865 0.489815 0.032813 0.140741
0 0.694010 0.577315 0.041146 0.149074
0 0.622135 0.401852 0.043229 0.116667
1 0.350000 0.430093 0.026042 0.132407
1 0.224479 0.462500 0.026042 0.145370
1 0.215625 0.412963 0.026042 0.131481
0 0.867969 0.553704 0.041146 0.155556
0 0.718750 0.468981 0.040625 0.139815
0 0.675781 0.418519 0.034896 0.129630
0 0.705729 0.532407 0.037500 0.146296
0 0.641927 0.490278 0.042188 0.139815
0 0.605208 0.401389 0.032292 0.110185
0 0.437240 0.470370 0.028646 0.133333
0 0.365365 0.423148 0.044271 0.120370
0 0.136458 0.453241 0.039583 0.102778
2 0.938802 0.395370 0.033854 0.125926
