0 0.587760 0.436574 0.036979 0.149074
0 0.523698 0.377315 0.026562 0.132407
0 0.522396 0.409259 0.027083 0.146296
0 0.398698 0.355556 0.027604 0.144444
0 0.382552 0.690278 0.044271 0.141667
0 0.316927 0.508333 0.035937 0.150000
0 0.264323 0.449074 0.030729 0.150000
1 0.023958 0.167593 0.029167 0.105556
0 0.633073 0.485185 0.027604 0.164815
0 0.568490 0.500926 0.033854 0.144444
0 0.567448 0.441204 0.039062 0.145370
0 0.577083 0.405093 0.036458 0.125000
0 0.515885 0.370370 0.043229 0.137037
0 0.494531 0.400926 0.026562 0.138889
0 0.428125 0.431481 0.039583 0.129630
0 0.296094 0.511574 0.032813 0.149074
0 0.131771 0.350463 0.025000 0.125000
0 0.045833 0.519907 0.030208 0.147222
2 0.840104 0.378241 0.030208 0.130556
