1 0.114844 0.525347 0.028125 0.106250
0 0.410156 0.394097 0.024219 0.079861
0 0.550781 0.237500 0.017969 0.075000
0 0.623437 0.514583 0.017969 0.098611
0 0.806641 0.800347 0.032031 0.127083
0 0.863281 0.596528 0.026562 0.111111
0 0.777734 0.293750 0.024219 0.075000
0 0.868945 0.407986 0.022266 0.086806
0 0.170117 0.561111 0.030859 0.094444
0 0.240625 0.469097 0.021875 0.093750
0 0.355664 0.411458 0.032422 0.092361
0 0.406836 0.358681 0.025391 0.079861
0 0.463672 0.267014 0.018750 0.079861
0 0.380469 0.670833 0.021094 0.109722
0 0.537500 0.487847 0.031250 0.086806
0 0.809180 0.398611 0.022266 0.084722
0 0.644336 0.298611 0.019922 0.079167
