0 0.895052 0.474537 0.029687 0.158333
0 0.703646 0.367130 0.028125 0.139815
0 0.676823 0.412500 0.042188 0.137963
0 0.703125 0.607407 0.029167 0.188889
0 0.540365 0.902315 0.039062 0.195370
0 0.459115 0.354167 0.027604 0.132407
0 0.452344 0.329630 0.036979 0.118519
1 0.325260 0.293519 0.034896 0.107407
1 0.231510 0.334259 0.041146 0.137037
1 0.130729 0.430093 0.029167 0.158333
0 0.875521 0.488889 0.028125 0.172222
0 0.822656 0.430093 0.028646 0.154630
0 0.329688 0.851852 0.033333 0.240741
0 0.427083 0.514815 0.028125 0.170370
0 0.504948 0.354167 0.034896 0.115741
0 0.356771 0.337500 0.029167 0.115741
0 0.239063 0.283796 0.027083 0.115741
2 0.929948 0.328704 0.034896 0.129630
