0 0.646094 0.538889 0.029687 0.122222
0 0.528125 0.462500 0.034375 0.119444
0 0.433594 0.590278 0.036979 0.145370
0 0.321615 0.563889 0.035937 0.146296
0 0.383854 0.360185 0.028125 0.100000
0 0.264583 0.456944 0.045833 0.102778
0 0.202604 0.525000 0.028125 0.146296
1 0.122656 0.352778 0.024479 0.120370
0 0.186719 0.312963 0.025521 0.101852
0 0.653646 0.664815 0.035417 0.155556
0 0.598698 0.529167 0.033854 0.130556
0 0.359896 0.706481 0.044792 0.162963
0 0.415885 0.461574 0.035937 0.121296
0 0.338542 0.372685 0.029167 0.121296
0 0.169792 0.610648 0.033333 0.158333
0 0.068750 0.278704 0.023958 0.114815
2 0.590365 0.283796 0.027604 0.091667
