0 0.806510 0.637500 0.033854 0.139815
0 0.599479 0.525926 0.030208 0.129630
0 0.643750 0.428704 0.035417 0.116667
0 0.569271 0.381944 0.030208 0.121296
0 0.420052 0.452315 0.027604 0.125000
0 0.432812 0.298611 0.026042 0.108333
0 0.258333 0.399537 0.027083 0.119444
0 0.551823 0.636574 0.049479 0.121296
0 0.868490 0.669907 0.030729 0.147222
0 0.528906 0.413426 0.024479 0.113889
0 0.274219 0.331944 0.039062 0.106481
0 0.219531 0.285185 0.028646 0.109259
0 0.249740 0.203241 0.022396 0.095370
0 0.353125 0.640741 0.031250 0.138889
2 0.914583 0.302315 0.031250 0.115741
