0 0.673177 0.590278 0.029687 0.158333
0 0.601302 0.489815 0.044271 0.118519
0 0.566406 0.448611 0.047396 0.123148
0 0.506250 0.588426 0.043750 0.141667
0 0.335156 0.675463 0.034896 0.152778
0 0.316927 0.523611 0.035937 0.152778
0 0.232292 0.450926 0.039583 0.131481
0 0.367708 0.351389 0.037500 0.108333
0 0.871094 0.578241 0.038021 0.130556
0 0.506771 0.495833 0.031250 0.121296
0 0.188802 0.681019 0.051562 0.141667
0 0.392448 0.401389 0.033854 0.112037
0 0.171615 0.260648 0.033854 0.099074
0 0.106250 0.337963 0.025000 0.118519
2 0.871354 0.353241 0.029167 0.119444
