0 0.954948 0.763426 0.030729 0.162037
0 0.455990 0.425000 0.026562 0.112963
0 0.434896 0.372222 0.022917 0.107407
0 0.391406 0.584722 0.025521 0.132407
0 0.287760 0.303241 0.023438 0.106481
1 0.083594 0.465278 0.027604 0.128704
1 0.031250 0.288889 0.027083 0.105556
0 0.814844 0.568056 0.025521 0.125000
0 0.552344 0.441204 0.028646 0.113889
0 0.482292 0.367130 0.025000 0.108333
0 0.444531 0.350463 0.029687 0.110185
0 0.451302 0.571759 0.034896 0.104630
0 0.365104 0.467593 0.026042 0.124074
0 0.316146 0.304167 0.020833 0.099074
0 0.212240 0.363889 0.032813 0.109259
0 0.097917 0.571759 0.025000 0.145370
2 0.791667 0.320833 0.025000 0.089815
