1 0.072135 0.302778 0.035937 0.109259
1 0.013021 0.736111 0.026042 0.168519
0 0.421875 0.511111 0.027083 0.133333
0 0.464062 0.395370 0.040625 0.109259
0 0.730729 0.509259 0.029167 0.138889
0 0.095312 0.775000 0.033333 0.179630
0 0.161719 0.466667 0.041146 0.138889
0 0.159896 0.545833 0.048958 0.149074
0 0.347396 0.612037 0.031250 0.162963
0 0.361719 0.388426 0.043229 0.125000
0 0.445573 0.575463 0.027604 0.156481
0 0.546094 0.447685 0.034896 0.137963
0 0.591667 0.499074 0.032292 0.124074
2 0.699219 0.440741 0.048438 0.096296
