0 0.579948 0.647685 0.033854 0.145370
0 0.572656 0.518056 0.029687 0.132407
0 0.556250 0.492593 0.027083 0.137037
0 0.411198 0.552778 0.045312 0.131481
0 0.488281 0.488426 0.035937 0.123148
0 0.507031 0.434259 0.034896 0.124074
0 0.405990 0.415741 0.024479 0.111111
0 0.395052 0.494907 0.048438 0.112037
0 0.352083 0.438889 0.033333 0.107407
0 0.367188 0.395370 0.032292 0.116667
0 0.017969 0.371296 0.025521 0.112963
0 0.066406 0.541204 0.031771 0.121296
0 0.247656 0.462500 0.036979 0.100926
0 0.337500 0.513426 0.030208 0.071296
0 0.440885 0.450463 0.045312 0.112037
0 0.452865 0.424537 0.026562 0.119444
0 0.542708 0.543056 0.033333 0.141667
0 0.615365 0.477315 0.034896 0.128704
2 0.665625 0.384722 0.021875 0.119444
