1 0.120573 0.318981 0.021354 0.106481
1 0.126562 0.416204 0.028125 0.125000
1 0.224219 0.523611 0.043229 0.134259
0 0.484375 0.606019 0.028125 0.152778
1 0.292708 0.252315 0.020833 0.095370
0 0.472656 0.277315 0.027604 0.099074
0 0.787760 0.448611 0.019271 0.121296
0 0.857552 0.455556 0.029687 0.118519
0 0.335938 0.283333 0.028125 0.103704
0 0.385417 0.364352 0.022917 0.113889
0 0.410938 0.291204 0.018750 0.093519
0 0.573438 0.358333 0.026042 0.120370
0 0.683333 0.375926 0.020833 0.118519
0 0.748437 0.428241 0.022917 0.130556
0 0.810677 0.443981 0.025521 0.117593
0 0.840885 0.483333 0.021354 0.137037
0 0.859635 0.466204 0.023438 0.125000
