1 0.133333 0.450463 0.037500 0.110185
0 0.252344 0.521296 0.025521 0.137037
0 0.321094 0.398611 0.032813 0.123148
0 0.468229 0.673148 0.030208 0.140741
0 0.379688 0.437963 0.026042 0.114815
0 0.389583 0.481481 0.033333 0.118519
0 0.438542 0.498611 0.027083 0.115741
0 0.524740 0.560648 0.028646 0.147222
0 0.541146 0.499074 0.023958 0.118519
0 0.108333 0.489352 0.021875 0.128704
0 0.220573 0.463889 0.030729 0.111111
0 0.346875 0.644907 0.028125 0.156481
0 0.385156 0.491204 0.026562 0.121296
0 0.597917 0.563426 0.031250 0.141667
2 0.602083 0.411574 0.034375 0.086111
