1 0.069531 0.429167 0.043229 0.128704
1 0.197656 0.250926 0.030729 0.101852
0 0.383594 0.508333 0.040104 0.124074
0 0.445833 0.369907 0.041667 0.119444
0 0.482031 0.350926 0.023438 0.105556
0 0.541146 0.276852 0.035417 0.112963
0 0.731771 0.545370 0.028125 0.129630
0 0.722917 0.438889 0.028125 0.138889
0 0.727344 0.369907 0.029687 0.106481
0 0.199740 0.271296 0.030729 0.114815
0 0.066667 0.605556 0.046875 0.146296
0 0.293490 0.791204 0.054688 0.145370
0 0.401302 0.347222 0.038021 0.109259
0 0.588021 0.400926 0.030208 0.111111
0 0.644271 0.549074 0.033333 0.137037
