1 0.123698 0.552778 0.027604 0.138889
1 0.274219 0.207407 0.026562 0.081481
1 0.465104 0.655093 0.027083 0.156481
0 0.540104 0.473148 0.026042 0.122222
0 0.564323 0.490741 0.024479 0.138889
0 0.587500 0.495833 0.036458 0.117593
0 0.630729 0.380093 0.028125 0.115741
0 0.709635 0.402778 0.030729 0.118519
0 0.291406 0.441667 0.021354 0.122222
0 0.465885 0.517593 0.026562 0.131481
0 0.551042 0.482870 0.033333 0.119444
0 0.614844 0.466204 0.028646 0.121296
0 0.835417 0.527315 0.025000 0.132407
0 0.595833 0.375926 0.023958 0.098148
0 0.671094 0.375926 0.035937 0.111111
0 0.741667 0.441667 0.023958 0.124074
0 0.710677 0.419907 0.021354 0.121296
2 0.745313 0.394444 0.025000 0.124074
