0 0.771094 0.549074 0.035937 0.112963
1 0.089583 0.552315 0.029167 0.139815
0 0.191146 0.352778 0.028125 0.114815
0 0.428385 0.555093 0.035937 0.108333
0 0.283594 0.288426 0.021354 0.104630
0 0.498698 0.431481 0.026562 0.116667
0 0.327083 0.456481 0.028125 0.125926
0 0.439063 0.354630 0.028125 0.112963
0 0.413802 0.333333 0.029687 0.114815
0 0.929427 0.793519 0.033854 0.172222
0 0.012240 0.276852 0.024479 0.105556
0 0.090625 0.446759 0.029167 0.125000
0 0.357812 0.575000 0.026042 0.146296
0 0.269792 0.286574 0.030208 0.104630
0 0.413021 0.418056 0.040625 0.115741
0 0.403125 0.353241 0.023958 0.104630
2 0.788802 0.309722 0.029687 0.095370
