1 0.239063 0.357870 0.023958 0.104630
0 0.294531 0.505093 0.036979 0.112037
1 0.263802 0.293981 0.022396 0.100926
0 0.307552 0.391204 0.034896 0.117593
0 0.356510 0.408333 0.025521 0.103704
0 0.451302 0.322222 0.028646 0.100000
0 0.508333 0.403241 0.021875 0.115741
0 0.642969 0.494444 0.029687 0.118519
0 0.766406 0.592593 0.024479 0.144444
0 0.274740 0.669444 0.029687 0.146296
0 0.226823 0.262963 0.022396 0.100000
0 0.278906 0.425000 0.034896 0.111111
0 0.328646 0.372222 0.025000 0.118519
0 0.467708 0.400000 0.025000 0.109259
2 0.850000 0.360185 0.028125 0.090741
