1 0.181250 0.717130 0.033333 0.147222
0 0.671094 0.706481 0.036979 0.144444
0 0.329167 0.306944 0.022917 0.099074
1 0.108333 0.238426 0.018750 0.106481
1 0.074479 0.147222 0.020833 0.087037
0 0.575000 0.650463 0.036458 0.100926
0 0.530990 0.504630 0.035937 0.120370
0 0.557031 0.374537 0.028646 0.106481
0 0.426042 0.290278 0.029167 0.104630
0 0.327344 0.253241 0.020313 0.100926
0 0.077865 0.352315 0.030729 0.117593
0 0.241406 0.394444 0.031771 0.118519
0 0.713802 0.656481 0.032813 0.129630
2 0.803125 0.250463 0.029167 0.102778
