0 0.200781 0.625000 0.050521 0.185185
0 0.333594 0.463426 0.032813 0.152778
0 0.481771 0.332407 0.035417 0.131481
0 0.793490 0.471759 0.027604 0.147222
0 0.707292 0.657407 0.064583 0.192593
0 0.645833 0.460185 0.032292 0.148148
0 0.567708 0.381944 0.036458 0.145370
0 0.539062 0.353704 0.044792 0.131481
0 0.473177 0.448611 0.038021 0.162037
0 0.128385 0.306944 0.051562 0.141667
0 0.186458 0.558333 0.037500 0.170370
0 0.200781 0.482870 0.027604 0.165741
0 0.019010 0.350463 0.025521 0.137963
2 0.742708 0.517593 0.034375 0.122222
