0 0.439583 0.872685 0.031250 0.210185
0 0.382031 0.449537 0.026562 0.147222
0 0.354167 0.597222 0.023958 0.153704
0 0.866146 0.800926 0.033333 0.194444
1 0.082031 0.332407 0.022396 0.129630
0 0.720052 0.489352 0.026562 0.158333
0 0.458594 0.532407 0.025521 0.148148
0 0.492188 0.471759 0.034375 0.147222
0 0.548438 0.604167 0.025000 0.163889
0 0.562760 0.563426 0.026562 0.145370
0 0.568229 0.521759 0.021875 0.134259
0 0.318750 0.586574 0.028125 0.189815
0 0.301042 0.344907 0.022917 0.128704
0 0.151823 0.643981 0.032813 0.182407
0 0.041406 0.441667 0.038021 0.140741
2 0.593750 0.395833 0.036458 0.069444
