0 0.355208 0.337037 0.022917 0.083333
0 0.405469 0.509722 0.039062 0.082407
0 0.381250 0.610648 0.023958 0.112037
0 0.586198 0.731481 0.023438 0.120370
0 0.747656 0.597222 0.023438 0.118519
0 0.934896 0.388889 0.022917 0.101852
0 0.611719 0.130093 0.018229 0.076852
0 0.401823 0.246759 0.018229 0.084259
0 0.272135 0.286574 0.021354 0.086111
0 0.271875 0.350926 0.020833 0.092593
0 0.209896 0.502778 0.021875 0.096296
0 0.440885 0.454630 0.023438 0.092593
0 0.491406 0.588426 0.028646 0.104630
0 0.669792 0.791667 0.025000 0.122222
0 0.895573 0.500000 0.021354 0.107407
0 0.887500 0.354630 0.023958 0.088889
0 0.444792 0.251389 0.022917 0.084259
0 0.352865 0.610185 0.025521 0.088889
