0 0.704427 0.737037 0.029687 0.188889
0 0.695573 0.504167 0.034896 0.145370
0 0.429688 0.594907 0.036458 0.156481
0 0.434635 0.289352 0.018229 0.119444
0 0.595052 0.600463 0.035937 0.141667
0 0.486198 0.487500 0.026562 0.132407
0 0.727344 0.504167 0.040104 0.123148
0 0.367448 0.619444 0.041146 0.157407
0 0.350000 0.369444 0.025000 0.120370
0 0.361979 0.250463 0.020833 0.108333
0 0.233854 0.253241 0.029167 0.113889
0 0.230469 0.199074 0.021354 0.098148
0 0.488542 0.304167 0.023958 0.115741
2 0.661719 0.193056 0.021354 0.110185
