1 0.176042 0.616667 0.033333 0.201852
1 0.015625 0.378241 0.031250 0.141667
1 0.092708 0.304630 0.033333 0.107407
0 0.469010 0.415741 0.028646 0.140741
0 0.683854 0.452778 0.028125 0.153704
0 0.351562 0.320833 0.022917 0.115741
0 0.334635 0.336574 0.033854 0.123148
0 0.179948 0.381944 0.032813 0.141667
0 0.380990 0.459259 0.034896 0.144444
0 0.561198 0.410185 0.027604 0.144444
0 0.518750 0.378704 0.042708 0.137037
0 0.304167 0.323148 0.027083 0.109259
0 0.359375 0.319444 0.030208 0.129630
0 0.333073 0.363889 0.050521 0.061111
0 0.679948 0.442130 0.024479 0.165741
2 0.710156 0.372222 0.027604 0.140741
