0 0.864062 0.762963 0.025000 0.174074
0 0.436198 0.555093 0.032813 0.137963
0 0.453125 0.485185 0.027083 0.112963
0 0.351823 0.434259 0.027604 0.105556
1 0.232031 0.347685 0.026562 0.115741
1 0.023698 0.482870 0.030729 0.128704
0 0.758594 0.593981 0.027604 0.134259
0 0.411719 0.585185 0.030729 0.124074
0 0.361979 0.522685 0.033333 0.121296
0 0.156250 0.416667 0.030208 0.118519
0 0.288802 0.361111 0.028646 0.107407
0 0.505208 0.492130 0.032292 0.087963
0 0.464323 0.444444 0.029687 0.092593
0 0.418490 0.417593 0.028646 0.105556
2 0.705208 0.362963 0.027083 0.092593
