0 0.664844 0.692130 0.031771 0.162037
0 0.451562 0.680556 0.038542 0.177778
0 0.714583 0.560648 0.030208 0.117593
0 0.515365 0.500000 0.025521 0.109259
1 0.276823 0.409722 0.025521 0.115741
1 0.381771 0.311111 0.030208 0.098148
1 0.271354 0.275926 0.019792 0.109259
1 0.147656 0.287037 0.024479 0.114815
1 0.133073 0.237500 0.017188 0.100926
0 0.710938 0.755556 0.031250 0.185185
0 0.680469 0.558796 0.048438 0.132407
0 0.392448 0.592593 0.028646 0.144444
0 0.342187 0.319907 0.030208 0.110185
2 0.521615 0.225463 0.020313 0.104630
