1 0.220508 0.592014 0.021484 0.103472
0 0.408594 0.734722 0.039062 0.115278
0 0.721875 0.689583 0.021094 0.118056
0 0.559570 0.509722 0.028516 0.094444
1 0.397656 0.427778 0.020313 0.094444
0 0.669531 0.386111 0.025000 0.087500
0 0.562305 0.312500 0.023047 0.097222
0 0.727148 0.227431 0.024609 0.082639
0 0.144922 0.707986 0.027344 0.118750
0 0.410156 0.815625 0.025781 0.135417
0 0.434766 0.566667 0.039062 0.102778
0 0.399805 0.471875 0.023828 0.097917
0 0.694922 0.816319 0.023438 0.140972
0 0.822852 0.464931 0.026172 0.106250
2 0.325000 0.236111 0.017188 0.079167
