0 0.702865 0.513889 0.035937 0.124074
0 0.605729 0.631944 0.042708 0.152778
0 0.502865 0.481481 0.040104 0.137037
1 0.395313 0.649074 0.040625 0.164815
0 0.454948 0.306481 0.024479 0.114815
1 0.330469 0.266204 0.023438 0.108333
1 0.327083 0.385648 0.025000 0.119444
1 0.210156 0.268981 0.022396 0.121296
1 0.200781 0.215741 0.022396 0.101852
0 0.667448 0.513426 0.040104 0.121296
0 0.702604 0.743519 0.050000 0.187037
0 0.444531 0.618056 0.031771 0.145370
0 0.395833 0.295833 0.022917 0.113889
2 0.615625 0.208796 0.023958 0.110185
