0 0.738802 0.642130 0.043229 0.141667
0 0.489323 0.557407 0.028646 0.101852
0 0.557813 0.490741 0.023958 0.116667
0 0.561719 0.425463 0.024479 0.121296
1 0.226823 0.544907 0.026562 0.147222
0 0.304688 0.393519 0.022917 0.118519
1 0.245573 0.290741 0.020313 0.105556
0 0.319010 0.482407 0.036979 0.133333
0 0.423438 0.422222 0.025000 0.107407
0 0.486458 0.393981 0.023958 0.106481
0 0.392188 0.373148 0.030208 0.114815
0 0.298958 0.329167 0.028125 0.104630
0 0.258073 0.370833 0.022396 0.117593
0 0.141927 0.492130 0.034896 0.130556
0 0.685677 0.540741 0.026562 0.105556
0 0.499479 0.548611 0.040625 0.106481
2 0.717448 0.307407 0.022396 0.087037
