0 0.486458 0.419907 0.028125 0.112037
0 0.393229 0.463889 0.021875 0.118519
1 0.186198 0.468056 0.036979 0.128704
0 0.279948 0.623148 0.029687 0.153704
0 0.285677 0.418519 0.032813 0.109259
1 0.218490 0.453704 0.029687 0.098148
0 0.726042 0.736111 0.038542 0.185185
0 0.310417 0.539815 0.028125 0.118519
0 0.451042 0.495833 0.025000 0.137963
0 0.598437 0.528704 0.021875 0.146296
0 0.353906 0.490278 0.027604 0.132407
0 0.334375 0.454630 0.023958 0.129630
0 0.454688 0.450000 0.032292 0.133333
0 0.308854 0.590741 0.037500 0.153704
0 0.236719 0.444907 0.029687 0.110185
0 0.257812 0.419444 0.039583 0.111111
0 0.222656 0.434722 0.027604 0.104630
2 0.833333 0.425463 0.021875 0.128704
