0 0.308594 0.317130 0.023438 0.123148
0 0.501823 0.411574 0.024479 0.134259
0 0.438542 0.355093 0.022917 0.125000
1 0.193229 0.439815 0.029167 0.137037
0 0.395573 0.718981 0.034896 0.139815
0 0.282031 0.481481 0.035937 0.125926
0 0.463542 0.381944 0.025000 0.119444
0 0.528906 0.539352 0.032813 0.141667
0 0.561719 0.486574 0.025521 0.156481
0 0.406771 0.456944 0.037500 0.141667
0 0.263542 0.523148 0.031250 0.137037
0 0.056771 0.346759 0.036458 0.121296
0 0.450260 0.408796 0.038021 0.132407
0 0.488802 0.382870 0.032813 0.121296
0 0.454167 0.364815 0.026042 0.111111
0 0.423958 0.345370 0.025000 0.124074
2 0.746875 0.359722 0.036458 0.117593
