0 0.390885 0.639815 0.036979 0.164815
1 0.025000 0.515278 0.029167 0.152778
0 0.363802 0.416667 0.025521 0.125926
0 0.617188 0.485648 0.027083 0.149074
0 0.541146 0.450000 0.038542 0.131481
0 0.561458 0.436111 0.029167 0.129630
0 0.851823 0.546759 0.027604 0.165741
0 0.362760 0.402315 0.022396 0.134259
0 0.278385 0.491667 0.025521 0.150000
0 0.312500 0.395370 0.031250 0.129630
0 0.329688 0.390741 0.031250 0.116667
0 0.412240 0.437500 0.023438 0.149074
0 0.594792 0.470833 0.029167 0.147222
0 0.717708 0.528704 0.031250 0.157407
0 0.354948 0.408333 0.024479 0.137037
0 0.337500 0.362037 0.031250 0.125926
0 0.362500 0.390278 0.022917 0.149074
2 0.740625 0.458796 0.043750 0.075000
