0 0.428646 0.606019 0.026042 0.147222
0 0.530990 0.472685 0.028646 0.113889
0 0.398438 0.420370 0.025000 0.112963
0 0.235417 0.347222 0.037500 0.098148
1 0.124219 0.250000 0.027604 0.103704
0 0.210938 0.548611 0.025000 0.139815
0 0.681771 0.625926 0.026042 0.148148
0 0.485156 0.562963 0.039062 0.120370
0 0.311198 0.500000 0.024479 0.133333
0 0.259896 0.404167 0.022917 0.108333
0 0.299740 0.322685 0.024479 0.108333
0 0.220833 0.285648 0.029167 0.095370
0 0.157552 0.335185 0.028646 0.111111
0 0.163542 0.480093 0.027083 0.137963
0 0.411719 0.401389 0.021354 0.108333
0 0.677865 0.560648 0.032813 0.125000
2 0.582812 0.260185 0.026042 0.092593
