0 0.755729 0.816667 0.044792 0.157407
0 0.814063 0.751389 0.039583 0.119444
0 0.331510 0.452778 0.018229 0.112963
0 0.353385 0.362963 0.030729 0.083333
0 0.347135 0.325463 0.019271 0.091667
1 0.247135 0.343981 0.040104 0.093519
1 0.185938 0.286574 0.027083 0.087963
1 0.050000 0.448611 0.018750 0.112037
0 0.751302 0.539352 0.025521 0.108333
0 0.724219 0.541667 0.026562 0.114815
0 0.489063 0.418056 0.035417 0.089815
0 0.400521 0.362500 0.036458 0.089815
0 0.383073 0.352315 0.033854 0.082407
0 0.347396 0.346296 0.037500 0.085185
0 0.332031 0.328704 0.029687 0.098148
0 0.272135 0.309722 0.022396 0.073148
0 0.306771 0.323148 0.033333 0.090741
2 0.558594 0.292593 0.027604 0.088889
