0 0.602865 0.415741 0.028646 0.122222
1 0.192969 0.900463 0.061979 0.189815
1 0.328385 0.625000 0.024479 0.148148
1 0.227604 0.443519 0.026042 0.140741
0 0.479167 0.339352 0.041667 0.108333
1 0.238542 0.326389 0.022917 0.106481
0 0.352865 0.365741 0.027604 0.116667
0 0.898698 0.776852 0.027604 0.181481
0 0.604948 0.523611 0.022396 0.137963
0 0.349740 0.590741 0.036979 0.153704
0 0.221875 0.518056 0.027083 0.147222
0 0.550521 0.447222 0.035417 0.137037
0 0.512240 0.443519 0.023438 0.124074
0 0.455469 0.401852 0.028646 0.137037
0 0.424740 0.418981 0.032813 0.145370
0 0.361979 0.382870 0.023958 0.128704
0 0.345052 0.353241 0.021354 0.117593
2 0.665885 0.368056 0.021354 0.125000
