0 0.376563 0.922685 0.056250 0.154630
0 0.473698 0.782407 0.026562 0.181481
0 0.765365 0.579630 0.021354 0.118519
1 0.140365 0.548611 0.024479 0.137963
0 0.721875 0.457407 0.020833 0.124074
1 0.357031 0.395370 0.026562 0.111111
1 0.190885 0.325000 0.019271 0.107407
0 0.375000 0.274537 0.021875 0.100926
0 0.583073 0.660185 0.022396 0.144444
0 0.753385 0.638889 0.024479 0.148148
0 0.592187 0.506481 0.023958 0.129630
0 0.816146 0.480093 0.029167 0.128704
0 0.759115 0.432407 0.038021 0.112963
0 0.363281 0.400463 0.031771 0.121296
0 0.326562 0.317593 0.035417 0.101852
0 0.495312 0.384722 0.021875 0.115741
0 0.458594 0.298148 0.024479 0.105556
