0 0.094792 0.407870 0.028125 0.130556
0 0.203646 0.607870 0.034375 0.163889
0 0.348177 0.578241 0.041146 0.154630
0 0.289062 0.347685 0.023958 0.115741
0 0.602865 0.496296 0.035937 0.137037
0 0.511719 0.430093 0.025521 0.139815
0 0.445312 0.507407 0.025000 0.129630
0 0.523177 0.589815 0.028646 0.148148
0 0.540625 0.558796 0.050000 0.087963
0 0.084115 0.768981 0.043229 0.210185
0 0.432292 0.796296 0.031250 0.174074
0 0.760938 0.746296 0.030208 0.181481
0 0.085677 0.337037 0.022396 0.124074
0 0.389844 0.424537 0.024479 0.134259
0 0.636198 0.461111 0.029687 0.140741
0 0.472656 0.548148 0.042188 0.138889
2 0.590365 0.375000 0.050521 0.057407
