0 0.311458 0.588889 0.030208 0.161111
0 0.325000 0.433796 0.034375 0.123148
0 0.881510 0.620370 0.040104 0.172222
0 0.682813 0.430093 0.043750 0.117593
0 0.013542 0.318981 0.027083 0.108333
0 0.109635 0.368981 0.028646 0.137963
0 0.260937 0.659259 0.027083 0.168519
0 0.533854 0.674537 0.029167 0.187963
0 0.371354 0.378704 0.038542 0.105556
0 0.416667 0.404630 0.026042 0.122222
0 0.405208 0.456944 0.029167 0.121296
0 0.698958 0.469444 0.039583 0.109259
0 0.660937 0.418519 0.025000 0.129630
2 0.464844 0.332407 0.031771 0.105556
