0 0.469792 0.900463 0.032292 0.199074
0 0.647917 0.579630 0.023958 0.174074
1 0.078646 0.420370 0.022917 0.161111
0 0.860156 0.461574 0.026562 0.154630
0 0.683333 0.403241 0.040625 0.137963
0 0.649740 0.338426 0.024479 0.128704
1 0.211979 0.332407 0.030208 0.138889
0 0.436719 0.337500 0.046354 0.110185
0 0.373698 0.322222 0.027604 0.109259
0 0.312760 0.280093 0.023438 0.121296
0 0.256250 0.855556 0.036458 0.244444
0 0.377344 0.508333 0.023438 0.174074
0 0.833594 0.478704 0.025521 0.174074
0 0.795052 0.424537 0.039062 0.130556
0 0.543229 0.350926 0.036458 0.105556
0 0.273958 0.321759 0.025000 0.128704
0 0.218750 0.283796 0.025000 0.102778
2 0.894792 0.331481 0.030208 0.120370
