1 0.011719 0.596759 0.023438 0.149074
1 0.523698 0.535185 0.031771 0.133333
1 0.446354 0.428704 0.032292 0.125926
0 0.739844 0.466667 0.023438 0.133333
0 0.665885 0.373611 0.040104 0.113889
0 0.748437 0.318519 0.020833 0.114815
0 0.762760 0.289352 0.022396 0.115741
0 0.874740 0.306944 0.025521 0.115741
0 0.872917 0.262963 0.022917 0.105556
0 0.423958 0.454167 0.040625 0.099074
0 0.549219 0.529630 0.041146 0.114815
0 0.617448 0.456019 0.042188 0.123148
0 0.633854 0.398148 0.022917 0.120370
0 0.676823 0.357407 0.035937 0.107407
0 0.717969 0.339815 0.032813 0.107407
0 0.780729 0.319907 0.034375 0.112037
0 0.796875 0.306019 0.029167 0.110185
0 0.823438 0.292593 0.027083 0.109259
0 0.863542 0.275926 0.025000 0.101852
2 0.502604 0.282407 0.029167 0.103704
