0 0.156771 0.368056 0.028125 0.117593
0 0.316927 0.414815 0.031771 0.116667
0 0.373437 0.269444 0.025000 0.105556
0 0.572917 0.510185 0.028125 0.133333
0 0.587760 0.647222 0.038021 0.133333
0 0.738542 0.650926 0.020833 0.150000
0 0.477344 0.321296 0.023438 0.109259
0 0.600260 0.390278 0.028646 0.112037
0 0.267969 0.670833 0.035937 0.134259
0 0.099479 0.292593 0.029167 0.109259
0 0.156771 0.256944 0.022917 0.108333
0 0.146354 0.168519 0.026042 0.088889
0 0.408073 0.349537 0.032813 0.106481
0 0.758854 0.706019 0.027083 0.154630
2 0.839844 0.267130 0.031771 0.112037
