1 0.298698 0.345833 0.024479 0.134259
1 0.134896 0.644907 0.031250 0.197222
0 0.319531 0.558796 0.031771 0.171296
0 0.448958 0.531944 0.027083 0.147222
0 0.446615 0.471296 0.030729 0.146296
0 0.526302 0.607870 0.027604 0.176852
0 0.542969 0.546759 0.026562 0.165741
0 0.568490 0.568519 0.035937 0.172222
0 0.090104 0.319444 0.028125 0.148148
0 0.312500 0.616204 0.030208 0.162037
0 0.445312 0.887500 0.035417 0.213889
0 0.387760 0.457870 0.025521 0.156481
0 0.905729 0.824537 0.023958 0.193519
0 0.730208 0.497222 0.030208 0.164815
2 0.607552 0.391667 0.031771 0.094444
