1 0.192773 0.593056 0.023047 0.109722
1 0.292578 0.705903 0.025781 0.122917
0 0.599609 0.732639 0.028125 0.122222
0 0.412695 0.545486 0.031641 0.103472
0 0.383398 0.461111 0.028516 0.083333
0 0.461328 0.366319 0.022656 0.086806
0 0.528125 0.475694 0.032031 0.081944
0 0.615820 0.277431 0.018359 0.082639
0 0.954492 0.621875 0.022266 0.121528
0 0.036328 0.754861 0.023438 0.140278
0 0.339062 0.847569 0.022656 0.139583
0 0.649609 0.915625 0.024219 0.152083
0 0.318555 0.529167 0.023828 0.102778
0 0.477930 0.532986 0.026172 0.092361
0 0.581836 0.429514 0.026172 0.092361
0 0.962500 0.381944 0.029687 0.098611
2 0.223242 0.279514 0.024609 0.078472
