1 0.140885 0.508796 0.030729 0.152778
0 0.392708 0.801389 0.036458 0.171296
0 0.486979 0.465741 0.030208 0.150000
0 0.544531 0.437037 0.026562 0.138889
0 0.527865 0.388426 0.030729 0.112037
0 0.444010 0.358333 0.035937 0.109259
0 0.366146 0.322222 0.025000 0.114815
1 0.141406 0.244444 0.024479 0.114815
0 0.291667 0.630093 0.039583 0.154630
0 0.487240 0.751389 0.047396 0.193519
0 0.450260 0.532407 0.026562 0.157407
0 0.553385 0.506481 0.031771 0.155556
0 0.411979 0.341667 0.023958 0.114815
0 0.497135 0.381019 0.033854 0.134259
0 0.497396 0.361111 0.032292 0.118519
0 0.552344 0.374074 0.026562 0.131481
0 0.185156 0.350926 0.022396 0.131481
2 0.685937 0.372222 0.030208 0.118519
