0 0.445833 0.413426 0.022917 0.113889
0 0.523438 0.432870 0.033333 0.128704
0 0.728125 0.574074 0.027083 0.148148
0 0.616927 0.917593 0.029687 0.164815
1 0.275521 0.346759 0.030208 0.100926
1 0.240104 0.218056 0.031250 0.086111
1 0.101302 0.364352 0.024479 0.108333
0 0.511979 0.565741 0.033333 0.140741
0 0.615365 0.484722 0.026562 0.121296
0 0.561458 0.435648 0.029167 0.115741
0 0.538021 0.416204 0.031250 0.117593
0 0.726823 0.665278 0.026562 0.156481
0 0.307292 0.381019 0.037500 0.104630
0 0.323958 0.358796 0.035417 0.097222
0 0.358594 0.321296 0.030729 0.100000
2 0.754948 0.373611 0.030729 0.100926
