1 0.302344 0.509722 0.024479 0.141667
1 0.251823 0.376852 0.025521 0.114815
1 0.159375 0.293981 0.022917 0.080556
1 0.146094 0.433333 0.020313 0.124074
1 0.040625 0.306019 0.020833 0.100926
0 0.916406 0.519907 0.027604 0.154630
0 0.821875 0.481019 0.029167 0.130556
0 0.781250 0.461574 0.026042 0.115741
0 0.696094 0.455556 0.023438 0.124074
0 0.773438 0.442130 0.022917 0.110185
0 0.711719 0.425000 0.024479 0.125926
0 0.726823 0.454630 0.029687 0.112963
0 0.760156 0.441204 0.027604 0.132407
0 0.777865 0.457407 0.026562 0.116667
0 0.796875 0.461111 0.025000 0.125926
0 0.844792 0.477778 0.034375 0.129630
0 0.901042 0.509722 0.020833 0.132407
0 0.525260 0.357870 0.026562 0.108333
0 0.365365 0.310648 0.016146 0.104630
