0 0.558854 0.437963 0.022917 0.116667
0 0.891406 0.645370 0.025521 0.140741
0 0.378906 0.638889 0.043229 0.122222
0 0.335156 0.344907 0.039062 0.108333
1 0.234896 0.293981 0.026042 0.110185
1 0.268750 0.214352 0.020833 0.093519
0 0.438542 0.473611 0.034375 0.121296
0 0.601823 0.547685 0.030729 0.112037
0 0.813542 0.628241 0.028125 0.134259
0 0.658073 0.443519 0.032813 0.111111
0 0.602083 0.400926 0.034375 0.120370
0 0.503906 0.647222 0.031771 0.129630
0 0.027865 0.484722 0.043229 0.132407
0 0.286719 0.411111 0.028646 0.118519
0 0.449219 0.307407 0.019271 0.112963
2 0.938542 0.312963 0.029167 0.118519
