1 0.073177 0.366204 0.024479 0.137963
1 0.178125 0.275926 0.020833 0.111111
1 0.228125 0.297685 0.030208 0.115741
0 0.660156 0.226852 0.028646 0.092593
0 0.749219 0.479167 0.024479 0.139815
0 0.798958 0.643519 0.030208 0.157407
0 0.414844 0.337500 0.032813 0.123148
0 0.443750 0.279167 0.020833 0.108333
0 0.129427 0.253704 0.020313 0.114815
0 0.257031 0.644907 0.032813 0.156481
0 0.682552 0.222222 0.020313 0.092593
0 0.783333 0.593056 0.025000 0.163889
0 0.895312 0.800926 0.032292 0.188889
0 0.751042 0.433333 0.023958 0.109259
