1 0.142708 0.237500 0.030208 0.100926
1 0.150260 0.289815 0.027604 0.114815
1 0.288021 0.282870 0.021875 0.108333
1 0.296354 0.423148 0.032292 0.107407
0 0.439323 0.317130 0.035937 0.110185
0 0.512500 0.521759 0.033333 0.104630
0 0.534896 0.690741 0.039583 0.153704
0 0.702604 0.719907 0.051042 0.173148
0 0.814583 0.579630 0.037500 0.138889
0 0.747917 0.764815 0.055208 0.168519
0 0.393750 0.606481 0.033333 0.138889
0 0.794271 0.585648 0.037500 0.147222
0 0.377865 0.324537 0.024479 0.112037
2 0.521615 0.222685 0.024479 0.106481
