0 0.903646 0.728241 0.033333 0.165741
0 0.360938 0.463426 0.023958 0.130556
1 0.066927 0.453704 0.029687 0.144444
1 0.147135 0.275000 0.018229 0.109259
0 0.420052 0.283796 0.024479 0.113889
1 0.309635 0.214352 0.024479 0.097222
0 0.755729 0.398148 0.023958 0.124074
0 0.933333 0.522222 0.035417 0.144444
0 0.801823 0.411111 0.026562 0.120370
0 0.664844 0.388889 0.042188 0.112963
0 0.596615 0.317130 0.035937 0.113889
0 0.503646 0.268981 0.034375 0.099074
0 0.463802 0.370370 0.022396 0.114815
0 0.341927 0.226389 0.036979 0.095370
0 0.383594 0.293981 0.033854 0.119444
0 0.011458 0.659259 0.022917 0.164815
2 0.985677 0.357407 0.028646 0.103704
