0 0.469010 0.613889 0.031771 0.153704
1 0.132292 0.530556 0.039583 0.137037
1 0.111979 0.421296 0.031250 0.124074
1 0.116667 0.318519 0.021875 0.109259
1 0.292708 0.261574 0.020833 0.091667
0 0.469271 0.298148 0.027083 0.103704
0 0.772135 0.449537 0.021354 0.121296
0 0.842448 0.458333 0.017188 0.124074
0 0.340885 0.280093 0.025521 0.104630
0 0.370833 0.358333 0.026042 0.105556
0 0.550781 0.358796 0.035937 0.112037
0 0.430208 0.300000 0.021875 0.098148
0 0.653906 0.361111 0.027604 0.109259
0 0.738281 0.420370 0.022396 0.120370
0 0.793490 0.448148 0.022396 0.116667
0 0.835156 0.484722 0.019271 0.121296
0 0.855990 0.469444 0.021354 0.120370
0 0.989844 0.548148 0.020313 0.133333
