0 0.602865 0.556481 0.026562 0.146296
0 0.342187 0.509722 0.022917 0.137963
0 0.294271 0.669444 0.022917 0.162963
1 0.027083 0.505093 0.020833 0.139815
1 0.167448 0.477315 0.021354 0.132407
0 0.446615 0.713426 0.024479 0.152778
0 0.500781 0.551389 0.024479 0.149074
0 0.412760 0.478704 0.022396 0.131481
0 0.289583 0.411574 0.023958 0.134259
0 0.343750 0.446759 0.026042 0.152778
0 0.200000 0.461111 0.026042 0.131481
0 0.251042 0.550000 0.020833 0.150000
0 0.358594 0.490741 0.022396 0.153704
0 0.501302 0.503241 0.028646 0.123148
2 0.615885 0.417593 0.025521 0.133333
