0 0.424740 0.765278 0.049479 0.162037
0 0.642708 0.491667 0.032292 0.124074
0 0.464062 0.365741 0.020833 0.112963
0 0.468490 0.343056 0.035937 0.108333
1 0.048177 0.604167 0.041146 0.149074
0 0.194792 0.278241 0.023958 0.108333
0 0.392448 0.488426 0.040104 0.123148
0 0.694010 0.503241 0.033854 0.123148
0 0.572135 0.410648 0.042188 0.119444
0 0.546615 0.364815 0.027604 0.109259
0 0.529948 0.306019 0.028646 0.102778
0 0.402344 0.361111 0.031771 0.112963
0 0.397917 0.328704 0.045833 0.098148
0 0.148698 0.264352 0.035937 0.110185
0 0.016927 0.439815 0.033854 0.129630
