0 0.660417 0.589815 0.045833 0.144444
0 0.735938 0.779167 0.033333 0.171296
0 0.809896 0.485185 0.044792 0.122222
1 0.114062 0.795833 0.035417 0.182407
0 0.407813 0.318981 0.030208 0.128704
0 0.460417 0.192593 0.021875 0.120370
0 0.416406 0.139815 0.029687 0.120370
0 0.502865 0.641204 0.031771 0.147222
0 0.782813 0.781944 0.070833 0.121296
0 0.832552 0.456944 0.034896 0.125000
0 0.546875 0.233796 0.032292 0.106481
0 0.517448 0.187037 0.023438 0.122222
0 0.400521 0.125926 0.022917 0.105556
0 0.463021 0.157870 0.025000 0.115741
0 0.308854 0.580093 0.028125 0.147222
0 0.477604 0.302315 0.022917 0.130556
2 0.818229 0.131944 0.029167 0.112037
