0 0.752865 0.457407 0.028646 0.148148
0 0.491667 0.409722 0.037500 0.132407
0 0.435937 0.331481 0.026042 0.120370
0 0.383594 0.322685 0.027604 0.123148
1 0.133594 0.289352 0.026562 0.119444
1 0.114323 0.366204 0.049479 0.137963
1 0.213281 0.601852 0.034896 0.196296
0 0.730208 0.441204 0.026042 0.158333
0 0.583333 0.409259 0.038542 0.137037
0 0.526042 0.369907 0.031250 0.145370
0 0.405208 0.447685 0.028125 0.145370
0 0.391927 0.353704 0.052604 0.061111
0 0.386719 0.307870 0.023438 0.113889
0 0.325260 0.324074 0.031771 0.114815
0 0.197917 0.377315 0.028125 0.125000
2 0.772135 0.375463 0.034896 0.121296
