0 0.502083 0.543056 0.045833 0.125000
0 0.576042 0.486111 0.038542 0.114815
0 0.476562 0.415278 0.026042 0.113889
0 0.433594 0.410185 0.023438 0.111111
0 0.365885 0.454167 0.022396 0.117593
0 0.752083 0.606481 0.037500 0.124074
0 0.719010 0.549074 0.027604 0.107407
0 0.184375 0.729167 0.039583 0.156481
0 0.283333 0.520833 0.025000 0.123148
0 0.391927 0.481944 0.039062 0.121296
0 0.402865 0.394907 0.040104 0.108333
0 0.792448 0.793519 0.043229 0.162963
0 0.747917 0.571759 0.027083 0.110185
2 0.827865 0.500000 0.028646 0.111111
