0 0.663281 0.490278 0.032813 0.121296
0 0.566146 0.374074 0.033333 0.114815
0 0.540104 0.401389 0.030208 0.110185
0 0.472135 0.344444 0.041146 0.114815
0 0.243490 0.310648 0.047396 0.110185
0 0.250260 0.372685 0.035937 0.117593
0 0.142448 0.462963 0.049479 0.146296
0 0.662500 0.529630 0.036458 0.111111
0 0.538281 0.391667 0.029687 0.100000
0 0.405990 0.400926 0.029687 0.111111
0 0.310417 0.297222 0.038542 0.109259
0 0.104427 0.384722 0.034896 0.121296
0 0.015365 0.811111 0.030729 0.172222
2 0.986198 0.365278 0.027604 0.093519
