0 0.700781 0.613426 0.043229 0.132407
0 0.688542 0.522685 0.035417 0.110185
0 0.638021 0.534722 0.044792 0.130556
0 0.550521 0.484259 0.041667 0.125926
0 0.566146 0.402315 0.026042 0.123148
0 0.456250 0.374074 0.023958 0.105556
0 0.358594 0.448148 0.038021 0.114815
0 0.823698 0.593056 0.050521 0.119444
0 0.806510 0.699074 0.043229 0.148148
0 0.415885 0.468519 0.041146 0.116667
0 0.364844 0.339815 0.023438 0.109259
0 0.259635 0.521296 0.025521 0.138889
0 0.226302 0.680556 0.043229 0.138889
2 0.832552 0.490278 0.041146 0.145370
