0 0.747396 0.538889 0.023958 0.125926
0 0.720313 0.557870 0.028125 0.137963
0 0.713021 0.597222 0.029167 0.137037
0 0.651823 0.475926 0.029687 0.116667
0 0.560417 0.424074 0.027083 0.116667
0 0.427083 0.328704 0.022917 0.101852
0 0.348438 0.563426 0.026042 0.123148
0 0.379167 0.521759 0.034375 0.104630
0 0.713542 0.520370 0.031250 0.122222
0 0.517188 0.401852 0.019792 0.112963
0 0.254167 0.285185 0.021875 0.101852
0 0.211198 0.409259 0.033854 0.101852
0 0.409635 0.518981 0.030729 0.119444
0 0.702344 0.741204 0.028646 0.145370
2 0.895312 0.314815 0.031250 0.092593
