0 0.714063 0.565741 0.029167 0.137037
0 0.438021 0.551852 0.027083 0.133333
0 0.437760 0.453241 0.043229 0.119444
0 0.462500 0.505093 0.050000 0.104630
0 0.370573 0.499074 0.033854 0.137037
0 0.389323 0.426389 0.033854 0.117593
0 0.298698 0.372685 0.028646 0.110185
1 0.151823 0.427315 0.023438 0.128704
0 0.847135 0.768519 0.032813 0.179630
0 0.548438 0.531944 0.037500 0.139815
0 0.459635 0.495833 0.032813 0.115741
0 0.284635 0.445370 0.025521 0.122222
0 0.230729 0.358796 0.030208 0.115741
0 0.064844 0.497222 0.043229 0.131481
2 0.682292 0.371296 0.032292 0.096296
