0 0.579427 0.429167 0.034896 0.119444
0 0.497396 0.389815 0.033333 0.101852
1 0.326823 0.391667 0.030729 0.125926
1 0.325781 0.372685 0.044271 0.113889
1 0.331771 0.342130 0.034375 0.104630
1 0.260417 0.461574 0.039583 0.117593
1 0.167448 0.348148 0.034896 0.112963
1 0.050260 0.398611 0.027604 0.123148
0 0.653385 0.710185 0.034896 0.161111
0 0.543750 0.460648 0.033333 0.123148
0 0.425260 0.409259 0.031771 0.111111
0 0.357031 0.390278 0.035937 0.104630
0 0.257812 0.315741 0.022917 0.107407
2 0.579427 0.352315 0.033854 0.099074
