0 0.581250 0.778241 0.029167 0.173148
0 0.704167 0.575926 0.031250 0.138889
0 0.676302 0.487037 0.035937 0.137037
0 0.523177 0.426852 0.045312 0.107407
0 0.408073 0.441204 0.033854 0.125000
0 0.423438 0.543056 0.021875 0.141667
0 0.242188 0.399537 0.026042 0.119444
0 0.234115 0.327315 0.026562 0.100926
0 0.160156 0.733333 0.038021 0.172222
0 0.809115 0.693981 0.036979 0.163889
0 0.535156 0.478241 0.031771 0.123148
0 0.479167 0.420370 0.032292 0.125926
0 0.203906 0.307407 0.023438 0.103704
0 0.676562 0.495370 0.031250 0.148148
2 0.705208 0.453704 0.030208 0.118519
