1 0.089323 0.809722 0.044271 0.186111
0 0.709896 0.753704 0.030208 0.188889
0 0.669271 0.581944 0.034375 0.145370
0 0.768490 0.487500 0.047396 0.119444
0 0.400781 0.340278 0.027604 0.125000
0 0.436979 0.200926 0.033333 0.105556
0 0.400521 0.159259 0.033333 0.120370
1 0.141927 0.111111 0.033854 0.098148
0 0.837240 0.781019 0.033854 0.158333
0 0.534375 0.629630 0.040625 0.131481
0 0.315365 0.593519 0.028646 0.155556
0 0.486719 0.324074 0.023438 0.137037
0 0.533594 0.261111 0.033854 0.107407
0 0.515885 0.200463 0.024479 0.121296
0 0.455469 0.177315 0.023438 0.117593
0 0.372917 0.150926 0.035417 0.101852
0 0.798177 0.486574 0.043229 0.128704
2 0.800521 0.152315 0.023958 0.115741
