1 0.035677 0.059722 0.027604 0.112037
1 0.172917 0.346296 0.042708 0.107407
0 0.444531 0.343981 0.032813 0.110185
0 0.655469 0.413889 0.034896 0.125926
0 0.944271 0.330556 0.031250 0.148148
0 0.702344 0.203241 0.025521 0.110185
0 0.304167 0.417130 0.036458 0.154630
0 0.350000 0.082870 0.021875 0.104630
0 0.489844 0.196759 0.023438 0.123148
0 0.514323 0.431481 0.035937 0.150000
0 0.615625 0.400463 0.038542 0.132407
0 0.721615 0.434259 0.036979 0.150000
0 0.695573 0.266204 0.023438 0.119444
0 0.919792 0.321296 0.034375 0.129630
