1 0.032552 0.440741 0.030729 0.107407
1 0.391146 0.574537 0.026042 0.128704
0 0.677865 0.768056 0.029687 0.139815
0 0.745313 0.518981 0.042708 0.102778
0 0.517448 0.400000 0.029687 0.098148
1 0.296615 0.303241 0.027604 0.095370
0 0.261458 0.653241 0.027083 0.130556
0 0.710156 0.670833 0.025521 0.139815
0 0.707292 0.644907 0.032292 0.162037
0 0.732031 0.561574 0.026562 0.121296
0 0.657813 0.481481 0.033333 0.112963
0 0.625260 0.456481 0.033854 0.111111
0 0.440885 0.333796 0.023438 0.104630
0 0.440104 0.451852 0.025000 0.087037
2 0.842448 0.305556 0.034896 0.085185
