0 0.590104 0.418519 0.029167 0.124074
0 0.439063 0.325000 0.033333 0.101852
0 0.325781 0.376389 0.044271 0.121296
0 0.326823 0.639352 0.029687 0.149074
1 0.223438 0.452778 0.029167 0.137037
1 0.229167 0.334259 0.031250 0.111111
1 0.113802 0.898148 0.067187 0.198148
0 0.886979 0.796296 0.036458 0.185185
0 0.609635 0.537500 0.026562 0.147222
0 0.533073 0.454167 0.028646 0.128704
0 0.505469 0.455093 0.030729 0.132407
0 0.443229 0.402315 0.025000 0.130556
0 0.405469 0.418981 0.029687 0.139815
0 0.360156 0.387963 0.025521 0.129630
0 0.333594 0.356944 0.035937 0.113889
0 0.304427 0.582407 0.045312 0.153704
0 0.206510 0.525926 0.032813 0.150000
2 0.658073 0.372685 0.031771 0.128704
