1 0.222656 0.527778 0.024479 0.137037
1 0.313021 0.329167 0.023958 0.110185
1 0.423958 0.468519 0.046875 0.114815
0 0.766927 0.581481 0.026562 0.144444
0 0.811719 0.665741 0.033854 0.146296
1 0.242188 0.679630 0.033333 0.164815
0 0.350000 0.450000 0.034375 0.118519
0 0.420052 0.382870 0.022396 0.108333
0 0.549740 0.412037 0.028646 0.125926
0 0.548438 0.481481 0.043750 0.131481
0 0.619792 0.545370 0.028125 0.138889
0 0.673698 0.538426 0.041146 0.119444
0 0.714063 0.616667 0.032292 0.138889
2 0.816146 0.506944 0.041667 0.110185
