0 0.599479 0.654630 0.026042 0.085185
0 0.600521 0.496759 0.018750 0.080556
0 0.663021 0.437500 0.019792 0.076852
0 0.810677 0.365741 0.016146 0.075926
0 0.607812 0.307870 0.018750 0.069444
0 0.408333 0.385185 0.015625 0.081481
0 0.491146 0.437037 0.022917 0.077778
1 0.213802 0.297222 0.016146 0.064815
0 0.351562 0.273148 0.014583 0.064815
0 0.461979 0.252315 0.015625 0.062037
0 0.490365 0.506944 0.021354 0.089815
0 0.601562 0.461574 0.021875 0.076852
0 0.521615 0.633333 0.027604 0.094444
0 0.367448 0.407407 0.016146 0.074074
0 0.389583 0.383333 0.018750 0.074074
0 0.249219 0.329167 0.017188 0.067593
0 0.285156 0.274074 0.018229 0.064815
0 0.684375 0.340741 0.018750 0.068519
0 0.836198 0.473148 0.017188 0.087037
