0 0.671094 0.611574 0.030729 0.154630
0 0.546875 0.676852 0.037500 0.148148
0 0.311719 0.496296 0.038021 0.124074
1 0.115625 0.487500 0.043750 0.115741
1 0.167969 0.325000 0.027604 0.111111
0 0.918229 0.969444 0.032292 0.061111
0 0.277604 0.450926 0.044792 0.120370
0 0.375260 0.398611 0.023438 0.110185
0 0.519792 0.506019 0.033333 0.123148
0 0.546615 0.570370 0.022396 0.138889
0 0.576302 0.642130 0.024479 0.137963
0 0.766927 0.616667 0.022396 0.144444
0 0.763542 0.597222 0.031250 0.144444
0 0.174740 0.351389 0.022396 0.093519
2 0.952604 0.504630 0.028125 0.129630
