1 0.234115 0.274537 0.033854 0.087963
0 0.315885 0.405556 0.024479 0.112963
0 0.615625 0.471296 0.032292 0.116667
0 0.715104 0.665278 0.025000 0.134259
0 0.475521 0.444444 0.025000 0.116667
0 0.496094 0.412963 0.032813 0.100000
0 0.267188 0.377315 0.035417 0.123148
0 0.307552 0.442593 0.029687 0.114815
0 0.355990 0.489815 0.029687 0.122222
0 0.401042 0.339352 0.033333 0.117593
0 0.533854 0.472222 0.041667 0.118519
0 0.594531 0.499537 0.031771 0.121296
0 0.666406 0.546759 0.027604 0.132407
0 0.488021 0.416667 0.029167 0.107407
2 0.807031 0.337500 0.021354 0.100926
