1 0.282031 0.614815 0.023438 0.153704
0 0.479427 0.541667 0.035937 0.122222
0 0.596615 0.568981 0.023438 0.130556
0 0.828906 0.863426 0.027604 0.182407
1 0.255208 0.490278 0.022917 0.113889
1 0.245833 0.332407 0.028125 0.096296
1 0.114062 0.365741 0.022917 0.107407
0 0.408073 0.612963 0.025521 0.148148
0 0.736979 0.587500 0.019792 0.134259
0 0.630208 0.544907 0.021875 0.123148
0 0.553385 0.482407 0.028646 0.125926
0 0.519531 0.452315 0.023438 0.123148
0 0.333073 0.487963 0.025521 0.125926
0 0.304948 0.442593 0.023438 0.118519
0 0.378646 0.404630 0.022917 0.109259
0 0.390104 0.372685 0.026042 0.102778
2 0.920833 0.426389 0.022917 0.115741
