1 0.074219 0.327778 0.022396 0.101852
1 0.025000 0.544444 0.025000 0.137037
0 0.608073 0.603704 0.025521 0.150000
0 0.585677 0.561574 0.036979 0.128704
0 0.493229 0.562963 0.032292 0.122222
0 0.582031 0.485648 0.024479 0.128704
0 0.523958 0.548611 0.038542 0.137963
0 0.672656 0.493519 0.027604 0.129630
0 0.673438 0.508333 0.026042 0.131481
0 0.692448 0.493056 0.031771 0.121296
0 0.670573 0.444907 0.018229 0.099074
0 0.445312 0.337500 0.018750 0.112037
0 0.326042 0.387037 0.019792 0.105556
0 0.551823 0.553241 0.040104 0.119444
0 0.525000 0.569907 0.026042 0.130556
0 0.620313 0.496296 0.022917 0.111111
0 0.626042 0.576852 0.027083 0.129630
0 0.608073 0.564352 0.039062 0.113889
2 0.789062 0.471296 0.020833 0.125926
