0 0.385677 0.467130 0.026562 0.121296
1 0.349219 0.350926 0.026562 0.087037
0 0.428125 0.283333 0.016667 0.096296
0 0.525000 0.353704 0.027083 0.105556
1 0.185417 0.415741 0.018750 0.131481
1 0.208333 0.728241 0.025000 0.162037
0 0.545573 0.457870 0.026562 0.113889
0 0.470573 0.394444 0.031771 0.096296
0 0.439323 0.349074 0.020313 0.103704
0 0.432812 0.322685 0.021875 0.108333
0 0.147396 0.305093 0.021875 0.108333
0 0.379688 0.544444 0.023958 0.125926
0 0.691667 0.453241 0.023958 0.115741
0 0.748698 0.514352 0.038021 0.121296
0 0.796094 0.618519 0.024479 0.125926
