0 0.579688 0.493981 0.030208 0.123148
0 0.517969 0.546296 0.040104 0.124074
0 0.496354 0.531944 0.033333 0.125000
0 0.614062 0.601852 0.025000 0.146296
0 0.609115 0.562963 0.024479 0.125926
0 0.673958 0.491667 0.032292 0.129630
1 0.022135 0.542593 0.020313 0.138889
1 0.064062 0.338889 0.020833 0.100000
1 0.277083 0.255556 0.021875 0.083333
0 0.334115 0.388889 0.023438 0.105556
0 0.442708 0.337963 0.020833 0.111111
0 0.670312 0.452778 0.019792 0.118519
0 0.619010 0.483796 0.023438 0.113889
0 0.640625 0.577315 0.025000 0.125000
0 0.591667 0.565278 0.028125 0.104630
0 0.539844 0.546759 0.033854 0.106481
0 0.496094 0.545833 0.032813 0.115741
0 0.672917 0.505093 0.026042 0.134259
0 0.693229 0.497222 0.027083 0.120370
2 0.788021 0.469444 0.021875 0.124074
