0 0.482812 0.507870 0.041667 0.100926
0 0.464323 0.410185 0.042188 0.094444
0 0.389583 0.431944 0.025000 0.119444
0 0.341406 0.787963 0.034896 0.137037
0 0.314583 0.352778 0.039583 0.109259
0 0.404948 0.143981 0.046354 0.086111
0 0.444531 0.262963 0.025521 0.100000
0 0.427344 0.391667 0.041146 0.094444
0 0.414844 0.465278 0.036979 0.112037
0 0.428646 0.516204 0.040625 0.100926
0 0.404948 0.642593 0.029687 0.131481
0 0.234375 0.466204 0.034375 0.108333
0 0.258594 0.382870 0.024479 0.104630
0 0.235417 0.295833 0.037500 0.099074
2 0.801302 0.372685 0.024479 0.113889
