1 0.122396 0.485648 0.031250 0.115741
0 0.320573 0.496759 0.038021 0.115741
0 0.550260 0.674537 0.027604 0.152778
0 0.664583 0.613889 0.026042 0.146296
0 0.900521 0.956019 0.032292 0.087963
1 0.165365 0.327315 0.021354 0.102778
0 0.168229 0.352315 0.036458 0.095370
0 0.284896 0.452778 0.028125 0.129630
0 0.366146 0.401389 0.020833 0.108333
0 0.511198 0.507407 0.032813 0.125926
0 0.543750 0.562500 0.040625 0.130556
0 0.572135 0.636574 0.024479 0.132407
0 0.767448 0.622685 0.041146 0.137963
0 0.756250 0.587500 0.022917 0.145370
2 0.934115 0.506481 0.028646 0.129630
