1 0.025260 0.543519 0.023438 0.140741
1 0.070573 0.332870 0.022396 0.102778
1 0.254167 0.253704 0.031250 0.087037
0 0.611458 0.605093 0.025000 0.147222
0 0.579167 0.563426 0.042708 0.125000
0 0.580729 0.486574 0.022917 0.130556
0 0.489323 0.555556 0.036979 0.129630
0 0.519792 0.550463 0.045833 0.121296
0 0.672135 0.491667 0.026562 0.131481
0 0.326823 0.386574 0.020313 0.108333
0 0.444792 0.337037 0.020833 0.111111
0 0.542448 0.553241 0.032813 0.125000
0 0.527083 0.565741 0.033333 0.112963
0 0.630729 0.574074 0.021875 0.129630
0 0.620313 0.485648 0.025000 0.117593
0 0.689323 0.488426 0.027604 0.123148
0 0.670573 0.447222 0.019271 0.105556
0 0.598437 0.561111 0.026042 0.120370
0 0.674219 0.509259 0.025521 0.137037
2 0.788802 0.471296 0.021354 0.129630
