0 0.419792 0.348148 0.034375 0.096296
0 0.479427 0.410648 0.032813 0.082407
0 0.492708 0.456481 0.030208 0.144444
0 0.383073 0.627315 0.050521 0.158333
0 0.231250 0.702315 0.032292 0.173148
1 0.017188 0.383796 0.034375 0.113889
1 0.116406 0.947685 0.033854 0.104630
0 0.668750 0.647685 0.043750 0.152778
0 0.673698 0.815741 0.031771 0.162963
0 0.787760 0.665741 0.030729 0.164815
0 0.329167 0.332870 0.033333 0.110185
0 0.401562 0.481019 0.030208 0.137963
0 0.168750 0.736111 0.028125 0.161111
0 0.061198 0.940741 0.038021 0.118519
0 0.562760 0.644907 0.041146 0.123148
0 0.753385 0.694907 0.047396 0.156481
0 0.930990 0.926389 0.050521 0.147222
2 0.674740 0.335185 0.035937 0.101852
