1 0.282552 0.711111 0.026562 0.129630
1 0.444531 0.531481 0.035937 0.101852
0 0.527865 0.518056 0.035937 0.104630
0 0.608854 0.456481 0.019792 0.103704
0 0.807031 0.479167 0.027604 0.104630
0 0.833854 0.523611 0.026042 0.106481
0 0.840885 0.393519 0.019271 0.085185
0 0.416927 0.543519 0.023438 0.112963
0 0.471094 0.537037 0.021354 0.109259
0 0.570573 0.463426 0.027604 0.097222
0 0.697135 0.480093 0.034896 0.099074
0 0.714583 0.502778 0.017708 0.109259
0 0.755729 0.454630 0.019792 0.101852
0 0.723958 0.423611 0.027083 0.082407
0 0.845313 0.428704 0.025000 0.090741
2 0.221615 0.462037 0.021354 0.105556
