0 0.358854 0.860672 0.031250 0.122530
1 0.039062 0.544960 0.029167 0.115613
1 0.132031 0.330040 0.023438 0.090909
0 0.417448 0.533103 0.029687 0.103755
0 0.388542 0.395751 0.028125 0.095850
0 0.660937 0.402174 0.020833 0.090909
0 0.502083 0.248024 0.027083 0.079051
0 0.396094 0.298913 0.029687 0.072134
0 0.280469 0.836462 0.025521 0.137352
0 0.647917 0.591897 0.035417 0.104743
0 0.661458 0.448617 0.033333 0.104743
0 0.666927 0.372036 0.022396 0.101779
0 0.419792 0.384387 0.035417 0.096838
0 0.255729 0.320652 0.022917 0.097826
0 0.316667 0.327569 0.040625 0.070158
0 0.535677 0.283597 0.029687 0.075099
0 0.390365 0.326087 0.031771 0.084980
