1 0.208333 0.690741 0.027083 0.111111
1 0.285417 0.655556 0.034375 0.098148
0 0.386719 0.619444 0.034896 0.100000
0 0.645052 0.731944 0.022396 0.125000
0 0.665885 0.511574 0.021354 0.095370
0 0.770312 0.622685 0.023958 0.108333
0 0.886719 0.589352 0.029687 0.102778
0 0.534635 0.569907 0.027604 0.097222
0 0.450260 0.587037 0.025521 0.103704
0 0.259115 0.672685 0.028646 0.102778
0 0.314323 0.647685 0.031771 0.112037
0 0.453125 0.615278 0.031250 0.102778
0 0.471094 0.592130 0.022396 0.106481
0 0.518229 0.575000 0.019792 0.103704
0 0.629687 0.606481 0.022917 0.109259
0 0.588542 0.563889 0.035417 0.090741
0 0.592448 0.550000 0.021354 0.101852
0 0.596875 0.549074 0.028125 0.098148
0 0.591927 0.512500 0.021354 0.095370
2 0.155469 0.553704 0.024479 0.090741
