1 0.048698 0.471759 0.025521 0.108333
1 0.249740 0.427778 0.026562 0.094444
0 0.360938 0.462037 0.025000 0.107407
1 0.124219 0.340741 0.026562 0.079630
0 0.258854 0.378704 0.031250 0.088889
0 0.487500 0.404167 0.017708 0.095370
0 0.555990 0.412037 0.025521 0.088889
0 0.101823 0.434722 0.017188 0.099074
0 0.254167 0.468519 0.031250 0.105556
0 0.275781 0.362500 0.024479 0.093519
0 0.349479 0.424537 0.027083 0.097222
0 0.704948 0.554167 0.021354 0.113889
0 0.599740 0.447685 0.031771 0.102778
0 0.521354 0.413889 0.022917 0.101852
0 0.502865 0.385185 0.022396 0.096296
