1 0.064062 0.762500 0.033333 0.187963
0 0.434635 0.614352 0.026562 0.152778
0 0.736458 0.848611 0.033333 0.193519
0 0.954427 0.646296 0.042188 0.150000
0 0.577344 0.434259 0.035937 0.122222
1 0.079167 0.326852 0.025000 0.100000
1 0.055469 0.434259 0.036979 0.116667
0 0.809115 0.734259 0.031771 0.170370
0 0.681250 0.764352 0.031250 0.178704
0 0.548958 0.560185 0.030208 0.120370
0 0.486198 0.475463 0.030729 0.112037
0 0.621875 0.418981 0.037500 0.112037
0 0.484635 0.347685 0.027604 0.100926
0 0.319010 0.350926 0.029687 0.103704
0 0.312240 0.300926 0.023438 0.094444
0 0.034115 0.519444 0.026562 0.129630
0 0.988542 0.609722 0.022917 0.121296
2 0.727865 0.285648 0.021354 0.104630
