1 0.092773 0.378819 0.023047 0.099306
1 0.176563 0.564931 0.027344 0.103472
0 0.468945 0.867708 0.042578 0.122917
0 0.604883 0.747222 0.023828 0.118056
0 0.534180 0.414583 0.019141 0.091667
0 0.521289 0.301736 0.019141 0.090972
1 0.259766 0.191667 0.018750 0.081944
0 0.700781 0.680903 0.039062 0.088194
0 0.596484 0.683333 0.028906 0.104167
0 0.519336 0.486458 0.028516 0.096528
0 0.038086 0.353819 0.021484 0.096528
0 0.378320 0.341319 0.023047 0.090972
0 0.347656 0.222569 0.017969 0.081250
0 0.459180 0.271875 0.023047 0.088194
0 0.551562 0.303472 0.023438 0.088889
0 0.642578 0.405556 0.025781 0.091667
2 0.808398 0.287847 0.019922 0.086806
