1 0.075781 0.783333 0.040104 0.157407
0 0.552344 0.639815 0.028646 0.146296
0 0.390365 0.503241 0.023438 0.121296
0 0.424479 0.409259 0.021875 0.114815
0 0.736979 0.581481 0.030208 0.124074
0 0.851042 0.451852 0.030208 0.107407
0 0.955729 0.208333 0.019792 0.094444
0 0.988281 0.466204 0.023438 0.121296
0 0.459115 0.619907 0.022396 0.141667
0 0.165104 0.595833 0.036458 0.117593
0 0.354687 0.448148 0.027083 0.118519
0 0.690104 0.557407 0.032292 0.125926
0 0.726823 0.339815 0.026562 0.103704
0 0.581771 0.447685 0.042708 0.102778
0 0.520833 0.376852 0.022917 0.112963
0 0.435156 0.367130 0.020313 0.117593
0 0.588802 0.260648 0.017188 0.089815
2 0.121615 0.303241 0.023438 0.102778
