1 0.339583 0.762963 0.027083 0.144444
0 0.789062 0.486574 0.021875 0.104630
0 0.819792 0.432870 0.021875 0.099074
0 0.547396 0.481019 0.026042 0.106481
0 0.571875 0.464352 0.020833 0.106481
0 0.579167 0.449537 0.020833 0.102778
0 0.641146 0.426389 0.022917 0.100926
0 0.241406 0.612500 0.021354 0.130556
0 0.390365 0.514815 0.033854 0.114815
0 0.443229 0.473611 0.023958 0.108333
0 0.605208 0.619444 0.028125 0.120370
0 0.949219 0.621759 0.022396 0.134259
0 0.929948 0.476852 0.022396 0.114815
0 0.736979 0.481481 0.027083 0.112963
0 0.663802 0.450926 0.027604 0.096296
0 0.708594 0.414815 0.031771 0.087037
0 0.539062 0.428704 0.022917 0.100000
2 0.028385 0.478704 0.026562 0.111111
