0 0.904948 0.491667 0.027604 0.161111
0 0.755208 0.396296 0.039583 0.129630
0 0.686198 0.436574 0.028646 0.147222
0 0.740885 0.642130 0.029687 0.189815
0 0.604427 0.905093 0.049479 0.189815
0 0.463542 0.387037 0.035417 0.114815
0 0.482812 0.359259 0.030208 0.116667
1 0.308854 0.287037 0.023958 0.111111
1 0.179948 0.346759 0.043229 0.123148
1 0.148177 0.437037 0.027604 0.140741
0 0.883333 0.500463 0.029167 0.171296
0 0.838802 0.453241 0.027604 0.162037
0 0.388021 0.853241 0.035417 0.221296
0 0.462240 0.534259 0.027604 0.168519
0 0.411198 0.351389 0.027604 0.117593
0 0.168490 0.281944 0.043229 0.123148
0 0.390104 0.378704 0.035417 0.109259
2 0.931510 0.338426 0.031771 0.128704
