0 0.380859 0.307639 0.019531 0.086111
0 0.329297 0.497222 0.025000 0.098611
1 0.182422 0.769792 0.032031 0.109028
0 0.672266 0.531250 0.021094 0.090278
0 0.813477 0.779861 0.033203 0.104167
0 0.958203 0.149653 0.017969 0.075694
0 0.194141 0.438194 0.025781 0.083333
0 0.308789 0.308333 0.017578 0.087500
0 0.592578 0.482292 0.019531 0.090972
0 0.758594 0.757986 0.022656 0.115972
0 0.564258 0.362500 0.024609 0.090278
0 0.858398 0.295486 0.015234 0.081250
0 0.659961 0.165278 0.022266 0.075000
0 0.261719 0.726389 0.040625 0.086111
