1 0.163281 0.727778 0.030729 0.140741
0 0.650781 0.620370 0.023438 0.114815
0 0.472656 0.550463 0.019271 0.115741
0 0.596094 0.485648 0.026562 0.097222
0 0.958333 0.575000 0.023958 0.120370
0 0.701823 0.415741 0.030729 0.101852
0 0.948698 0.323148 0.018229 0.087037
0 0.415365 0.610648 0.033854 0.119444
0 0.409115 0.561111 0.023438 0.105556
0 0.600781 0.581481 0.032813 0.096296
0 0.690885 0.625000 0.035937 0.112963
0 0.505729 0.491204 0.029167 0.091667
0 0.578385 0.453704 0.030729 0.103704
0 0.782031 0.475926 0.031771 0.105556
0 0.679427 0.409722 0.020313 0.097222
0 0.901042 0.391204 0.021875 0.097222
2 0.268229 0.383796 0.026042 0.095370
