1 0.369792 0.568519 0.020833 0.118519
0 0.559115 0.565278 0.032813 0.112037
0 0.679167 0.468056 0.031250 0.087963
0 0.791927 0.405556 0.026562 0.072222
0 0.944792 0.436111 0.020833 0.092593
0 0.798958 0.485648 0.029167 0.095370
0 0.623698 0.514815 0.034896 0.096296
0 0.510417 0.483333 0.029167 0.096296
0 0.300260 0.782407 0.030729 0.129630
0 0.458333 0.548148 0.035417 0.107407
0 0.498958 0.491204 0.039583 0.100926
0 0.710677 0.511111 0.032813 0.100000
0 0.823177 0.450000 0.034896 0.092593
0 0.824740 0.393056 0.030729 0.091667
2 0.220052 0.462500 0.022396 0.089815
