0 0.534635 0.691667 0.067187 0.188889
0 0.400521 0.582870 0.050000 0.141667
0 0.534896 0.395370 0.046875 0.111111
0 0.458333 0.365278 0.029167 0.108333
0 0.403125 0.378241 0.032292 0.113889
0 0.392188 0.445370 0.043750 0.124074
0 0.244531 0.481481 0.029687 0.148148
0 0.292448 0.354630 0.031771 0.120370
0 0.195312 0.386111 0.027083 0.124074
0 0.673958 0.479167 0.026042 0.139815
0 0.536979 0.445370 0.030208 0.137037
0 0.560677 0.392593 0.025521 0.122222
0 0.428646 0.377315 0.035417 0.112037
0 0.420573 0.406481 0.031771 0.124074
0 0.280990 0.549074 0.030729 0.162963
0 0.166406 0.368056 0.024479 0.119444
0 0.152604 0.343981 0.035417 0.112037
2 0.947396 0.383796 0.029167 0.119444
