1 0.258073 0.663889 0.021354 0.120370
1 0.369792 0.536574 0.034375 0.087963
0 0.452865 0.487037 0.024479 0.096296
0 0.663021 0.471296 0.020833 0.107407
0 0.740365 0.504167 0.027604 0.095370
0 0.766406 0.534259 0.024479 0.107407
0 0.838542 0.381481 0.029167 0.077778
0 0.440625 0.489352 0.022917 0.104630
0 0.503385 0.470833 0.033854 0.093519
0 0.641406 0.483796 0.021354 0.106481
0 0.716146 0.520370 0.023958 0.111111
0 0.757812 0.452315 0.023958 0.100926
0 0.703385 0.414352 0.029687 0.084259
0 0.777083 0.395370 0.028125 0.051852
0 0.361979 0.531944 0.038542 0.099074
2 0.268490 0.465741 0.021354 0.105556
