1 0.283203 0.680903 0.019531 0.109028
0 0.704297 0.860417 0.039844 0.126389
0 0.569531 0.528472 0.018750 0.097222
0 0.676172 0.368403 0.030469 0.082639
0 0.908398 0.305903 0.022266 0.068750
0 0.934766 0.423611 0.022656 0.086111
0 0.326562 0.617361 0.022656 0.081944
0 0.465039 0.509028 0.035547 0.088889
0 0.576562 0.393750 0.022656 0.088889
0 0.661914 0.822569 0.028516 0.114583
0 0.636523 0.552778 0.021484 0.088889
0 0.810156 0.493056 0.024219 0.094444
0 0.803320 0.390278 0.018359 0.084722
0 0.665820 0.361806 0.021484 0.075000
2 0.268555 0.402083 0.017578 0.079167
