1 0.562500 0.662847 0.022656 0.111806
1 0.354102 0.538194 0.025391 0.098611
1 0.366211 0.447222 0.025391 0.081944
1 0.445312 0.404861 0.028125 0.079167
0 0.658008 0.492014 0.025391 0.097917
1 0.566992 0.350347 0.019922 0.079861
0 0.898047 0.419792 0.024219 0.086806
0 0.769922 0.296528 0.027344 0.077778
0 0.658594 0.255556 0.020313 0.075000
0 0.302148 0.498264 0.022266 0.097917
0 0.591797 0.393403 0.017969 0.086806
0 0.751758 0.242708 0.016797 0.075694
0 0.803906 0.539236 0.018750 0.099306
0 0.963672 0.290972 0.019531 0.073611
2 0.190039 0.414236 0.020703 0.090972
