0 0.414062 0.717014 0.021094 0.121528
0 0.340625 0.577778 0.025000 0.097222
0 0.425781 0.486458 0.027344 0.084028
0 0.466797 0.457639 0.023438 0.087500
0 0.526563 0.531944 0.020313 0.108333
0 0.596484 0.515972 0.017188 0.100000
0 0.675586 0.787500 0.020703 0.127778
0 0.587109 0.367361 0.022656 0.088889
0 0.481250 0.459375 0.021875 0.097917
0 0.649805 0.539583 0.023828 0.105556
0 0.441992 0.890278 0.021484 0.136111
0 0.752734 0.956250 0.024219 0.087500
0 0.131250 0.718750 0.021875 0.111111
0 0.334766 0.522222 0.031250 0.094444
2 0.287305 0.354861 0.017578 0.075000
