1 0.211458 0.519907 0.039583 0.134259
1 0.263802 0.767130 0.032813 0.125000
0 0.514323 0.578704 0.025521 0.146296
0 0.833854 0.551389 0.029167 0.147222
1 0.209115 0.354167 0.027604 0.112037
0 0.477604 0.348611 0.026042 0.100926
0 0.414062 0.528704 0.039583 0.137037
0 0.395573 0.385648 0.029687 0.113889
0 0.519010 0.349074 0.029687 0.109259
0 0.715885 0.553241 0.023438 0.145370
0 0.748958 0.485648 0.023958 0.134259
0 0.671094 0.470833 0.034896 0.132407
0 0.325781 0.770833 0.023438 0.169444
2 0.630990 0.524074 0.029687 0.138889
