0 0.369792 0.660648 0.038542 0.115741
1 0.090365 0.865741 0.039062 0.133333
1 0.226042 0.974074 0.030208 0.051852
0 0.507031 0.950463 0.028646 0.099074
1 0.146875 0.408333 0.031250 0.079630
1 0.031250 0.668981 0.026042 0.117593
0 0.555990 0.565278 0.019271 0.106481
0 0.143229 0.737037 0.022917 0.125926
0 0.524740 0.821296 0.027604 0.148148
0 0.670312 0.734259 0.021875 0.129630
0 0.649740 0.622222 0.020313 0.122222
0 0.558594 0.537963 0.024479 0.105556
0 0.431771 0.457407 0.019792 0.090741
0 0.439323 0.587500 0.021354 0.110185
0 0.295052 0.643981 0.024479 0.112037
2 0.816406 0.399537 0.018229 0.097222
