0 0.498698 0.746759 0.038021 0.152778
1 0.183073 0.693981 0.033854 0.147222
0 0.493490 0.557870 0.036979 0.123148
0 0.483594 0.474537 0.044271 0.121296
0 0.686458 0.407407 0.031250 0.114815
0 0.629687 0.412037 0.022917 0.129630
0 0.984115 0.615741 0.027604 0.137037
0 0.854688 0.407870 0.023958 0.115741
0 0.649219 0.477778 0.034896 0.124074
0 0.640104 0.457870 0.033333 0.117593
0 0.610938 0.424537 0.028125 0.121296
0 0.580990 0.470833 0.029687 0.121296
0 0.582031 0.512037 0.028646 0.107407
0 0.555729 0.466667 0.023958 0.116667
0 0.546354 0.451852 0.030208 0.111111
0 0.342708 0.596759 0.034375 0.130556
0 0.388542 0.693519 0.028125 0.137037
2 0.301563 0.413889 0.028125 0.116667
