0 0.409896 0.538426 0.035417 0.145370
1 0.297656 0.353241 0.040104 0.115741
1 0.188281 0.300463 0.040104 0.123148
0 0.848958 0.567593 0.042708 0.162963
0 0.991927 0.603704 0.016146 0.185185
0 0.691406 0.511111 0.031771 0.133333
0 0.056250 0.770833 0.035417 0.243519
0 0.575521 0.539352 0.036458 0.149074
0 0.791667 0.556944 0.034375 0.162037
0 0.375781 0.475000 0.040104 0.122222
0 0.425260 0.345833 0.035937 0.121296
0 0.327604 0.316204 0.028125 0.112037
0 0.540885 0.381019 0.032813 0.130556
0 0.663281 0.491204 0.036979 0.156481
2 0.786719 0.314352 0.030729 0.139815
