1 0.015625 0.517593 0.026042 0.105556
1 0.223958 0.423611 0.032292 0.091667
1 0.117708 0.351389 0.022917 0.082407
0 0.381250 0.487037 0.027083 0.105556
0 0.391927 0.419444 0.019271 0.092593
0 0.315365 0.382870 0.028646 0.087963
0 0.500000 0.443981 0.026042 0.095370
0 0.548698 0.474074 0.021354 0.100000
0 0.637500 0.537963 0.022917 0.112963
0 0.311719 0.487963 0.030729 0.105556
0 0.321615 0.432407 0.025521 0.092593
0 0.287500 0.397685 0.034375 0.091667
0 0.041667 0.474074 0.030208 0.103704
0 0.437500 0.421296 0.026042 0.092593
0 0.423438 0.396759 0.017708 0.091667
2 0.948958 0.450926 0.027083 0.092593
