0 0.449219 0.364815 0.031771 0.107407
0 0.411719 0.347222 0.035937 0.122222
0 0.329427 0.462500 0.035937 0.145370
0 0.291667 0.293519 0.028125 0.118519
0 0.426823 0.732407 0.051562 0.146296
1 0.165625 0.456944 0.029167 0.139815
1 0.010937 0.198148 0.021875 0.120370
0 0.476823 0.412500 0.036979 0.139815
0 0.530208 0.499537 0.035417 0.141667
0 0.490885 0.597222 0.038021 0.181481
0 0.427344 0.484722 0.038021 0.152778
0 0.445312 0.356019 0.028125 0.137963
0 0.445833 0.375463 0.029167 0.141667
0 0.469271 0.374537 0.029167 0.125000
0 0.381250 0.329630 0.028125 0.137037
0 0.289844 0.551389 0.028646 0.139815
0 0.084896 0.346759 0.033333 0.128704
2 0.710938 0.355093 0.037500 0.117593
