1 0.102344 0.772685 0.026562 0.163889
0 0.514323 0.557870 0.024479 0.128704
0 0.453385 0.517130 0.025521 0.113889
0 0.477865 0.418056 0.030729 0.106481
0 0.802083 0.609722 0.030208 0.145370
0 0.759115 0.486111 0.026562 0.111111
0 0.945573 0.434259 0.027604 0.116667
0 0.926042 0.219907 0.019792 0.089815
0 0.249479 0.552315 0.021875 0.125000
0 0.476302 0.618519 0.025521 0.144444
0 0.610417 0.504167 0.020833 0.128704
0 0.677344 0.485185 0.025521 0.101852
0 0.405469 0.477315 0.022396 0.115741
0 0.451042 0.386111 0.019792 0.111111
0 0.528646 0.400000 0.022917 0.111111
0 0.702344 0.354167 0.020313 0.099074
0 0.594271 0.273148 0.020833 0.092593
2 0.120313 0.337500 0.027083 0.084259
