1 0.416406 0.734722 0.024479 0.139815
0 0.559896 0.456481 0.028125 0.103704
0 0.628646 0.504167 0.032292 0.104630
0 0.648438 0.462963 0.029167 0.101852
0 0.807031 0.398148 0.035937 0.087037
0 0.854688 0.512500 0.020833 0.110185
0 0.687500 0.429630 0.018750 0.096296
0 0.618229 0.427315 0.027083 0.086111
0 0.529948 0.474537 0.026562 0.089815
0 0.472396 0.505556 0.027083 0.112963
0 0.299740 0.593056 0.023438 0.125000
0 0.641667 0.617593 0.023958 0.124074
0 0.719010 0.474074 0.025521 0.105556
0 0.684375 0.453241 0.025000 0.087963
0 0.838021 0.412037 0.030208 0.090741
0 0.982552 0.450000 0.017188 0.107407
2 0.130469 0.482407 0.028646 0.101852
