1 0.145313 0.640741 0.030208 0.116667
0 0.427083 0.526852 0.020833 0.105556
0 0.522396 0.422222 0.027083 0.094444
0 0.775000 0.602315 0.025000 0.115741
0 0.785677 0.497685 0.021354 0.108333
0 0.758333 0.369907 0.025000 0.086111
0 0.884115 0.412037 0.023438 0.074074
0 0.651302 0.331481 0.020313 0.083333
0 0.248438 0.549537 0.020833 0.110185
0 0.395573 0.520833 0.022396 0.106481
0 0.440885 0.455093 0.022396 0.100926
0 0.624219 0.467130 0.028646 0.089815
0 0.614844 0.393519 0.021354 0.096296
0 0.597135 0.359722 0.020313 0.084259
0 0.665885 0.422685 0.021354 0.097222
0 0.752083 0.609259 0.023958 0.129630
0 0.944792 0.476389 0.034375 0.104630
0 0.787500 0.417593 0.032292 0.087037
2 0.071094 0.480556 0.023438 0.105556
