0 0.434375 0.567361 0.039062 0.098611
1 0.398633 0.473264 0.022266 0.096528
1 0.144141 0.705903 0.028125 0.117361
0 0.411133 0.814583 0.026172 0.138889
0 0.694141 0.814931 0.021094 0.134028
0 0.824023 0.466319 0.025391 0.110417
0 0.721289 0.689236 0.019922 0.114583
0 0.408594 0.734375 0.039844 0.114583
0 0.219531 0.593056 0.021875 0.102778
0 0.397656 0.431944 0.017969 0.100000
0 0.559961 0.511111 0.026953 0.094444
0 0.669922 0.386806 0.023438 0.086111
0 0.562891 0.311806 0.020313 0.090278
0 0.727734 0.228125 0.023438 0.079861
2 0.324023 0.236111 0.017578 0.076389
