0 0.836198 0.775000 0.029687 0.185185
0 0.687760 0.570370 0.028646 0.153704
0 0.686979 0.464352 0.033333 0.113889
0 0.487500 0.471296 0.033333 0.118519
0 0.473438 0.600000 0.056250 0.122222
1 0.304948 0.628704 0.043229 0.137037
1 0.131250 0.704630 0.030208 0.170370
0 0.392448 0.648148 0.039062 0.133333
0 0.406510 0.543519 0.039062 0.140741
0 0.518750 0.628704 0.025000 0.153704
0 0.514583 0.507870 0.038542 0.115741
0 0.649479 0.439815 0.041667 0.107407
0 0.719010 0.498148 0.039062 0.116667
0 0.616406 0.518981 0.025521 0.132407
0 0.939063 0.662500 0.030208 0.154630
0 0.461198 0.593981 0.024479 0.121296
0 0.294792 0.625463 0.035417 0.134259
2 0.293750 0.431481 0.031250 0.107407
