0 0.349479 0.526852 0.028125 0.109259
0 0.440104 0.488426 0.022917 0.097222
0 0.482552 0.512037 0.028646 0.107407
0 0.497656 0.469907 0.027604 0.087963
0 0.656771 0.519444 0.022917 0.112963
0 0.704167 0.452778 0.026042 0.103704
0 0.745052 0.416204 0.020313 0.087963
0 0.789583 0.387037 0.022917 0.087037
0 0.204687 0.623148 0.023958 0.118519
0 0.312500 0.552778 0.036458 0.109259
0 0.491667 0.519907 0.043750 0.104630
0 0.458073 0.486111 0.024479 0.096296
0 0.646615 0.433333 0.023438 0.100000
0 0.712240 0.553241 0.020313 0.112037
0 0.855729 0.396296 0.028125 0.092593
2 0.268490 0.473148 0.024479 0.092593
