0 0.375195 0.606597 0.028516 0.115972
0 0.473242 0.327778 0.030859 0.094444
0 0.407031 0.157292 0.021094 0.088194
0 0.573633 0.034375 0.027734 0.068750
0 0.730469 0.153819 0.017969 0.084028
0 0.813867 0.040278 0.018359 0.080556
0 0.846289 0.690625 0.049609 0.128472
0 0.814453 0.644444 0.042188 0.111111
0 0.338086 0.548611 0.033984 0.075000
0 0.333594 0.360764 0.029687 0.100694
0 0.350586 0.209028 0.026172 0.087500
0 0.394141 0.167014 0.017188 0.090972
0 0.540625 0.386111 0.028906 0.098611
0 0.650586 0.252431 0.033984 0.099306
0 0.582031 0.141319 0.017188 0.089583
0 0.931055 0.109028 0.017578 0.093056
2 0.047070 0.289583 0.022266 0.093056
