1 0.102604 0.523715 0.040625 0.120553
1 0.215104 0.289032 0.031250 0.111660
1 0.391146 0.206028 0.027083 0.119565
0 0.685937 0.393775 0.035417 0.121542
0 0.690625 0.460968 0.034375 0.129447
0 0.726823 0.488142 0.029687 0.140316
0 0.801302 0.574111 0.045312 0.132411
0 0.868750 0.602273 0.027083 0.163043
0 0.845573 0.523715 0.035937 0.140316
0 0.601042 0.477767 0.043750 0.111660
0 0.601042 0.457016 0.047917 0.117589
0 0.618490 0.389822 0.032813 0.111660
0 0.551823 0.360178 0.027604 0.121542
0 0.334375 0.325593 0.027083 0.105731
0 0.672917 0.490119 0.034375 0.114625
0 0.841667 0.583004 0.030208 0.138340
0 0.883594 0.550395 0.031771 0.140316
0 0.832552 0.511858 0.026562 0.134387
2 0.922135 0.416008 0.018229 0.140316
