0 0.328385 0.568981 0.029687 0.104630
1 0.137760 0.618981 0.019271 0.119444
1 0.132552 0.398148 0.021354 0.083333
0 0.407813 0.937963 0.026042 0.124074
0 0.455990 0.605556 0.019271 0.100000
0 0.891146 0.768981 0.029167 0.137963
0 0.351042 0.391204 0.027083 0.086111
0 0.356250 0.398611 0.023958 0.082407
0 0.330208 0.454630 0.027083 0.081481
0 0.402083 0.558796 0.025000 0.095370
0 0.457552 0.511111 0.021354 0.085185
0 0.425000 0.463889 0.025000 0.087037
0 0.240625 0.611574 0.023958 0.108333
0 0.714583 0.617130 0.028125 0.099074
0 0.016927 0.737037 0.027604 0.129630
0 0.454948 0.651852 0.026562 0.111111
2 0.685937 0.379630 0.023958 0.085185
