1 0.381836 0.386111 0.026953 0.081944
0 0.609961 0.598264 0.021484 0.100694
0 0.680469 0.431597 0.029687 0.082639
0 0.737891 0.177778 0.022656 0.069444
0 0.925781 0.557986 0.017188 0.110417
1 0.419336 0.938542 0.020703 0.122917
0 0.574414 0.647917 0.023047 0.109722
0 0.395703 0.559028 0.027344 0.104167
0 0.476758 0.440278 0.032422 0.091667
0 0.451562 0.386806 0.032031 0.076389
0 0.708203 0.484375 0.018750 0.099306
0 0.854688 0.596181 0.020313 0.111806
0 0.796875 0.455903 0.020313 0.096528
0 0.789453 0.313889 0.019531 0.081944
0 0.619336 0.269792 0.029297 0.079861
2 0.197852 0.349653 0.019141 0.088194
