1 0.113867 0.524653 0.024609 0.097917
0 0.409375 0.395486 0.022656 0.079861
0 0.806836 0.799653 0.028516 0.117361
0 0.863672 0.593750 0.023438 0.109722
0 0.623633 0.513889 0.016016 0.098611
0 0.868359 0.407292 0.019531 0.085417
0 0.776758 0.293750 0.019922 0.073611
0 0.550977 0.238889 0.017578 0.076389
0 0.378711 0.668750 0.019922 0.109722
0 0.354883 0.411111 0.027734 0.091667
0 0.406445 0.357639 0.022266 0.080556
0 0.462891 0.267014 0.017188 0.078472
0 0.170117 0.557292 0.026953 0.093750
0 0.240820 0.469097 0.019922 0.093750
0 0.539453 0.484375 0.032813 0.079861
0 0.809766 0.396528 0.017969 0.086111
0 0.643750 0.298958 0.017188 0.077083
