0 0.839583 0.767593 0.031250 0.138889
0 0.269792 0.581019 0.045833 0.115741
1 0.201302 0.457870 0.021354 0.112037
0 0.240365 0.393981 0.021354 0.102778
1 0.064583 0.438426 0.025000 0.106481
0 0.654427 0.664352 0.016146 0.145370
0 0.379427 0.674074 0.023438 0.137037
0 0.455469 0.561111 0.023438 0.120370
0 0.392969 0.443981 0.023438 0.104630
0 0.230208 0.448148 0.021875 0.105556
0 0.202083 0.382407 0.020833 0.098148
0 0.270052 0.400463 0.023438 0.104630
0 0.191146 0.578704 0.034375 0.120370
0 0.712500 0.670833 0.031250 0.119444
0 0.727865 0.557870 0.026562 0.121296
2 0.526042 0.351852 0.023958 0.101852
