0 0.307292 0.656481 0.036458 0.109259
0 0.423698 0.542130 0.032813 0.087963
0 0.398958 0.874074 0.027083 0.150000
0 0.443490 0.907407 0.050521 0.066667
1 0.179167 0.939352 0.031250 0.121296
1 0.154427 0.784722 0.026562 0.134259
1 0.022135 0.666667 0.029687 0.112963
1 0.028385 0.345833 0.023438 0.075000
0 0.484896 0.775000 0.026042 0.131481
0 0.589844 0.814815 0.023438 0.131481
0 0.552604 0.652315 0.020833 0.113889
0 0.536979 0.518056 0.019792 0.097222
0 0.460156 0.405556 0.021354 0.083333
0 0.320573 0.494444 0.031771 0.087037
0 0.238021 0.703704 0.033333 0.116667
0 0.220573 0.789352 0.022396 0.134259
2 0.840885 0.321759 0.019271 0.084259
