1 0.104167 0.827778 0.032292 0.138889
0 0.417969 0.620370 0.026562 0.114815
0 0.484115 0.494907 0.024479 0.091667
0 0.609635 0.889815 0.028646 0.146296
1 0.187240 0.434259 0.032813 0.087037
0 0.105729 0.685185 0.030208 0.120370
0 0.522135 0.808333 0.022396 0.146296
0 0.637760 0.674074 0.022396 0.120370
0 0.621875 0.583333 0.021875 0.112963
0 0.538281 0.491204 0.022396 0.102778
0 0.279167 0.609722 0.022917 0.117593
0 0.377344 0.534259 0.022396 0.109259
0 0.329948 0.431019 0.021354 0.093519
2 0.739062 0.426852 0.027083 0.096296
