1 0.173828 0.567708 0.021875 0.109028
1 0.188281 0.497569 0.015625 0.097917
1 0.209961 0.366667 0.016016 0.081944
1 0.192773 0.257292 0.013672 0.071528
0 0.355664 0.258333 0.015234 0.066667
0 0.504687 0.528125 0.029687 0.086806
0 0.721680 0.845139 0.019922 0.116667
0 0.400000 0.358333 0.023438 0.075000
0 0.697070 0.693056 0.019141 0.111111
0 0.650586 0.532986 0.019922 0.103472
0 0.601953 0.504861 0.020313 0.093056
0 0.356250 0.477778 0.017969 0.088889
0 0.274414 0.425000 0.019922 0.088889
0 0.302930 0.379167 0.023828 0.084722
0 0.351367 0.351736 0.025391 0.077083
0 0.425000 0.360417 0.021875 0.076389
0 0.429102 0.315972 0.018359 0.076389
2 0.829883 0.396875 0.016016 0.089583
