0 0.755208 0.774537 0.036458 0.154630
0 0.851562 0.845833 0.045833 0.162037
0 0.325260 0.453704 0.020313 0.111111
1 0.187760 0.336111 0.032813 0.092593
1 0.167708 0.281481 0.018750 0.090741
1 0.238021 0.325463 0.022917 0.097222
0 0.333333 0.343519 0.019792 0.090741
0 0.363542 0.332407 0.031250 0.072222
1 0.038021 0.443519 0.023958 0.107407
0 0.745573 0.533796 0.025521 0.121296
0 0.725781 0.535185 0.026562 0.122222
0 0.472135 0.413426 0.022396 0.100926
0 0.386198 0.362037 0.028646 0.092593
0 0.314323 0.325463 0.025521 0.097222
0 0.296354 0.321759 0.025000 0.091667
0 0.258594 0.307870 0.022396 0.089815
0 0.254688 0.330556 0.020833 0.088889
0 0.356510 0.352315 0.029687 0.082407
0 0.339844 0.338426 0.028646 0.095370
2 0.555208 0.287963 0.020833 0.092593
