0 0.779492 0.813542 0.024609 0.121528
1 0.215234 0.669444 0.021094 0.109722
0 0.420312 0.586111 0.023438 0.091667
0 0.670703 0.551042 0.023438 0.093750
1 0.087109 0.534375 0.018750 0.110417
1 0.217969 0.290625 0.019531 0.082639
0 0.450195 0.372917 0.014453 0.090278
0 0.482031 0.623264 0.020313 0.104861
0 0.600391 0.565625 0.031250 0.086806
0 0.655469 0.528472 0.025000 0.083333
0 0.728711 0.670833 0.022266 0.120833
0 0.114258 0.488542 0.021484 0.103472
0 0.374414 0.441319 0.028516 0.085417
0 0.328711 0.334028 0.016797 0.081944
0 0.503320 0.393750 0.019922 0.084722
0 0.467383 0.367708 0.026172 0.081250
2 0.692187 0.375347 0.022656 0.082639
