1 0.363021 0.737963 0.031250 0.209259
0 0.546094 0.734259 0.047396 0.187037
0 0.649740 0.704630 0.032813 0.192593
0 0.692448 0.481019 0.028646 0.176852
0 0.646354 0.432407 0.040625 0.162963
0 0.468229 0.550000 0.032292 0.170370
0 0.304948 0.632870 0.030729 0.176852
0 0.397917 0.508333 0.027083 0.162963
0 0.517188 0.684259 0.061458 0.203704
0 0.559375 0.567130 0.029167 0.173148
0 0.537500 0.481019 0.030208 0.178704
0 0.579427 0.528704 0.044271 0.157407
0 0.556510 0.445370 0.033854 0.161111
0 0.778646 0.512500 0.030208 0.171296
0 0.989583 0.491667 0.020833 0.164815
2 0.204948 0.434722 0.026562 0.171296
