1 0.386198 0.481719 0.029687 0.133399
0 0.491927 0.343379 0.021354 0.109684
1 0.431510 0.303854 0.021354 0.121542
0 0.506510 0.278162 0.020313 0.115613
0 0.666927 0.309783 0.017188 0.125494
0 0.639844 0.197134 0.019271 0.109684
0 0.716667 0.155138 0.019792 0.104743
0 0.990365 0.175395 0.019271 0.105731
0 0.913281 0.412055 0.023438 0.126482
0 0.485677 0.659091 0.038021 0.124506
0 0.555990 0.375988 0.022396 0.123518
0 0.451562 0.310771 0.019792 0.121542
0 0.797396 0.240119 0.018750 0.108696
0 0.562240 0.173913 0.023438 0.106719
0 0.902865 0.120059 0.024479 0.111660
2 0.296094 0.278656 0.022396 0.120553
