1 0.230990 0.831944 0.028646 0.180556
0 0.594792 0.524537 0.027083 0.145370
0 0.617448 0.371759 0.033854 0.119444
0 0.612240 0.276389 0.035937 0.130556
0 0.533333 0.164352 0.050000 0.110185
0 0.814583 0.533796 0.038542 0.158333
0 0.387240 0.672222 0.029687 0.146296
0 0.401302 0.610648 0.020313 0.149074
0 0.339323 0.540741 0.029687 0.146296
0 0.363542 0.462037 0.032292 0.118519
0 0.475000 0.333333 0.030208 0.133333
0 0.427083 0.231944 0.034375 0.121296
0 0.753125 0.095833 0.035417 0.132407
2 0.152865 0.396296 0.057813 0.114815
