0 0.838021 0.710648 0.023958 0.128704
0 0.432292 0.944444 0.027083 0.111111
1 0.223958 0.551389 0.025000 0.104630
1 0.028646 0.412500 0.021875 0.089815
1 0.145833 0.398611 0.032292 0.076852
0 0.604688 0.550000 0.028125 0.107407
0 0.595573 0.512037 0.020313 0.096296
0 0.547917 0.486111 0.020833 0.103704
0 0.150260 0.670370 0.024479 0.116667
0 0.282813 0.528241 0.025000 0.104630
0 0.557031 0.680556 0.022396 0.120370
0 0.493750 0.518981 0.019792 0.102778
0 0.667969 0.541667 0.032813 0.094444
0 0.654948 0.514352 0.023438 0.102778
0 0.561458 0.468981 0.021875 0.095370
0 0.323698 0.423611 0.019271 0.093519
0 0.288281 0.402778 0.028646 0.085185
2 0.763542 0.448611 0.022917 0.091667
