1 0.554492 0.686458 0.023828 0.111806
1 0.368750 0.556944 0.027344 0.104167
1 0.314844 0.477778 0.023438 0.104167
1 0.319531 0.423958 0.031250 0.084028
0 0.877148 0.414236 0.015234 0.096528
0 0.620898 0.487153 0.019141 0.104861
1 0.541211 0.330208 0.018359 0.085417
0 0.741016 0.271181 0.020313 0.081250
0 0.649219 0.238542 0.017969 0.079861
0 0.569727 0.373611 0.024609 0.091667
0 0.283789 0.477083 0.020703 0.093056
0 0.759766 0.536111 0.026562 0.100000
0 0.735547 0.228125 0.021094 0.078472
0 0.958008 0.258333 0.019141 0.077778
2 0.107813 0.425000 0.022656 0.094444
