0 0.639583 0.919444 0.054167 0.161111
1 0.440365 0.572685 0.026562 0.139815
1 0.391667 0.328241 0.027083 0.097222
1 0.406771 0.425463 0.018750 0.123148
1 0.072917 0.537963 0.023958 0.129630
0 0.643229 0.419907 0.030208 0.117593
1 0.491406 0.355093 0.027604 0.112037
0 0.582552 0.375000 0.023438 0.111111
0 0.723177 0.641204 0.051562 0.145370
0 0.724219 0.492130 0.023438 0.128704
0 0.681250 0.435185 0.025000 0.120370
0 0.629167 0.432407 0.022917 0.124074
0 0.557292 0.382870 0.031250 0.130556
0 0.511979 0.378241 0.027083 0.110185
0 0.390885 0.446759 0.023438 0.112037
0 0.584375 0.401389 0.023958 0.119444
0 0.497917 0.357407 0.028125 0.096296
2 0.745052 0.370833 0.028646 0.091667
