0 0.875391 0.683333 0.026562 0.108333
0 0.437695 0.835764 0.021484 0.129861
0 0.321484 0.612153 0.020313 0.109028
0 0.396094 0.550000 0.020313 0.109722
0 0.249609 0.293403 0.017969 0.088194
0 0.434961 0.386111 0.028516 0.084722
0 0.057031 0.867361 0.021875 0.154167
0 0.036328 0.641319 0.023438 0.118750
0 0.348438 0.697222 0.025000 0.112500
0 0.580273 0.577431 0.023047 0.096528
0 0.741797 0.577083 0.037500 0.093056
0 0.450586 0.513889 0.022266 0.108333
0 0.493359 0.418750 0.023438 0.098611
0 0.419727 0.358681 0.024609 0.082639
0 0.293945 0.286806 0.018359 0.083333
2 0.501367 0.250000 0.024609 0.081944
