0 0.245833 0.830556 0.038542 0.170370
0 0.325000 0.565278 0.025000 0.137963
0 0.288542 0.520833 0.030208 0.132407
0 0.252083 0.458796 0.031250 0.119444
1 0.107292 0.525926 0.026042 0.146296
0 0.844010 0.580093 0.025521 0.145370
0 0.567708 0.343981 0.023958 0.110185
0 0.698177 0.245833 0.026562 0.097222
0 0.389844 0.681944 0.032813 0.149074
0 0.564583 0.503241 0.023958 0.132407
0 0.470313 0.418519 0.022917 0.118519
0 0.265365 0.406019 0.024479 0.123148
0 0.067187 0.536574 0.025000 0.132407
0 0.130990 0.486111 0.024479 0.137037
0 0.747135 0.359722 0.024479 0.112037
0 0.549740 0.318981 0.022396 0.104630
0 0.613802 0.264352 0.028646 0.089815
