0 0.434896 0.832870 0.032292 0.163889
1 0.181250 0.568056 0.021875 0.119444
0 0.283854 0.427778 0.023958 0.105556
1 0.037500 0.464352 0.031250 0.110185
1 0.029427 0.317593 0.031771 0.092593
0 0.581250 0.499074 0.037500 0.114815
0 0.568750 0.587963 0.027083 0.114815
0 0.420052 0.749074 0.031771 0.138889
0 0.316667 0.529167 0.029167 0.112037
0 0.332552 0.453704 0.033854 0.101852
0 0.375781 0.427778 0.029687 0.098148
0 0.315365 0.377778 0.031771 0.085185
0 0.233854 0.459259 0.022917 0.111111
0 0.053906 0.487963 0.025521 0.112963
0 0.570833 0.487037 0.025000 0.103704
2 0.852865 0.362500 0.026562 0.097222
