1 0.261914 0.881597 0.021484 0.134028
0 0.527344 0.568750 0.025000 0.098611
0 0.846875 0.664583 0.018750 0.126389
0 0.728711 0.467014 0.026172 0.075694
0 0.564063 0.411458 0.016406 0.085417
0 0.401172 0.356944 0.032031 0.077778
0 0.830469 0.202431 0.016406 0.070139
0 0.563086 0.147569 0.015234 0.070139
0 0.976172 0.434722 0.021094 0.093056
0 0.676367 0.543750 0.019141 0.115278
0 0.455078 0.597222 0.021875 0.109722
0 0.257812 0.581250 0.020313 0.102778
0 0.359375 0.394444 0.021875 0.080556
0 0.534961 0.444097 0.019141 0.081250
0 0.642188 0.390625 0.023438 0.078472
0 0.431055 0.337500 0.026953 0.062500
0 0.474219 0.222569 0.014844 0.075694
0 0.611133 0.245486 0.016016 0.075694
2 0.052930 0.290972 0.016797 0.083333
