0 0.659375 0.484259 0.030208 0.124074
0 0.627604 0.605556 0.027083 0.146296
0 0.516146 0.425926 0.038542 0.124074
0 0.428385 0.448611 0.029687 0.130556
0 0.397135 0.556019 0.032813 0.134259
0 0.568490 0.802315 0.031771 0.173148
1 0.250781 0.410185 0.030729 0.120370
0 0.326562 0.331481 0.026042 0.096296
0 0.633073 0.488889 0.029687 0.144444
0 0.493490 0.450463 0.032813 0.123148
0 0.448698 0.511111 0.040104 0.131481
0 0.789844 0.789815 0.033854 0.172222
0 0.127604 0.758796 0.044792 0.173148
0 0.264583 0.311574 0.027083 0.102778
2 0.750781 0.441204 0.029687 0.134259
