0 0.799740 0.483333 0.026562 0.125926
0 0.717448 0.417593 0.035937 0.112963
0 0.587240 0.512037 0.023438 0.131481
0 0.495312 0.399074 0.021875 0.118519
0 0.475260 0.318056 0.023438 0.104630
0 0.642969 0.723611 0.028646 0.156481
0 0.588021 0.686574 0.026042 0.145370
0 0.363021 0.449537 0.026042 0.128704
0 0.351042 0.311574 0.029167 0.095370
0 0.761979 0.595833 0.028125 0.141667
0 0.720313 0.486574 0.023958 0.130556
0 0.405208 0.291667 0.019792 0.100000
0 0.409896 0.419907 0.030208 0.110185
0 0.516667 0.799537 0.029167 0.182407
0 0.259635 0.936111 0.049479 0.127778
0 0.155729 0.600463 0.025000 0.149074
0 0.188021 0.313889 0.026042 0.105556
