1 0.016927 0.440278 0.033854 0.112037
1 0.380729 0.582407 0.028125 0.118519
0 0.681250 0.767130 0.028125 0.141667
1 0.309635 0.300000 0.022396 0.096296
0 0.520573 0.397685 0.028646 0.099074
0 0.750781 0.514352 0.042188 0.100926
0 0.245312 0.661574 0.030208 0.130556
0 0.434635 0.443056 0.028646 0.089815
0 0.441406 0.334259 0.025521 0.103704
0 0.664062 0.482407 0.033333 0.107407
0 0.625260 0.457870 0.031771 0.104630
0 0.723698 0.569444 0.024479 0.120370
0 0.701042 0.670370 0.033333 0.131481
0 0.709635 0.648148 0.028646 0.138889
2 0.836198 0.300000 0.028646 0.087037
