0 0.197135 0.405093 0.036979 0.100926
0 0.274479 0.441204 0.038542 0.115741
0 0.317188 0.401852 0.026042 0.107407
0 0.396094 0.573148 0.033854 0.148148
0 0.451042 0.452315 0.035417 0.128704
0 0.661979 0.589352 0.042708 0.132407
0 0.658333 0.668519 0.034375 0.157407
0 0.017188 0.781019 0.034375 0.171296
0 0.696615 0.910185 0.035937 0.179630
0 0.127865 0.498148 0.036979 0.129630
0 0.275260 0.387963 0.026562 0.101852
0 0.323958 0.436574 0.027083 0.119444
0 0.605208 0.612963 0.032292 0.148148
2 0.946094 0.499537 0.033854 0.125000
