0 0.366667 0.447685 0.026042 0.117593
0 0.442188 0.405556 0.031250 0.107407
0 0.488281 0.415741 0.041146 0.109259
0 0.574219 0.484259 0.027604 0.125926
0 0.507031 0.542130 0.031771 0.128704
0 0.751302 0.603704 0.035937 0.111111
0 0.725260 0.546759 0.036979 0.110185
0 0.192708 0.722685 0.028125 0.162037
0 0.283073 0.522685 0.032813 0.128704
0 0.401302 0.480556 0.030729 0.125926
0 0.403646 0.388889 0.023958 0.111111
0 0.797656 0.780556 0.032813 0.153704
0 0.764583 0.572222 0.033333 0.120370
2 0.821615 0.501389 0.029687 0.113889
