1 0.069792 0.436111 0.028125 0.109259
1 0.410677 0.563889 0.034896 0.114815
1 0.273438 0.299074 0.021875 0.101852
0 0.672917 0.765741 0.027083 0.144444
0 0.722396 0.524537 0.046875 0.104630
0 0.510156 0.403704 0.032813 0.094444
0 0.286458 0.636574 0.022917 0.125000
0 0.434375 0.334259 0.020833 0.105556
0 0.442969 0.473611 0.030729 0.097222
0 0.611458 0.445833 0.033333 0.108333
0 0.642708 0.483796 0.023958 0.108333
0 0.742708 0.559722 0.022917 0.128704
0 0.721875 0.654630 0.028125 0.137037
0 0.705208 0.619444 0.028125 0.144444
2 0.847917 0.309722 0.033333 0.086111
