1 0.084896 0.707407 0.041667 0.174074
0 0.365625 0.516667 0.036458 0.105556
0 0.389844 0.438889 0.026562 0.112963
0 0.546094 0.486574 0.043229 0.119444
0 0.576302 0.509259 0.038021 0.122222
0 0.509375 0.551389 0.026042 0.134259
0 0.682031 0.574537 0.025521 0.145370
0 0.764583 0.576852 0.030208 0.133333
0 0.117708 0.368056 0.037500 0.095370
0 0.065625 0.562963 0.040625 0.124074
0 0.263542 0.720370 0.037500 0.150000
0 0.479687 0.508333 0.037500 0.103704
0 0.524479 0.592130 0.032292 0.147222
0 0.831510 0.564815 0.027604 0.140741
2 0.666667 0.508796 0.037500 0.115741
