0 0.658594 0.514352 0.026562 0.145370
0 0.584635 0.427778 0.040104 0.125926
0 0.523958 0.510648 0.028125 0.137963
0 0.447135 0.416667 0.039062 0.122222
0 0.402604 0.512037 0.048958 0.124074
0 0.347656 0.496759 0.039062 0.149074
0 0.314063 0.375926 0.025000 0.129630
1 0.087760 0.427315 0.040104 0.128704
0 0.765104 0.758796 0.033333 0.180556
0 0.606250 0.513889 0.040625 0.068519
0 0.529167 0.538426 0.036458 0.154630
0 0.277344 0.346759 0.035937 0.123148
0 0.190885 0.476852 0.034896 0.112963
0 0.119792 0.562500 0.029167 0.154630
2 0.687240 0.363426 0.026562 0.128704
