0 0.446680 0.395833 0.021484 0.080556
0 0.607031 0.482292 0.017969 0.085417
0 0.546094 0.614583 0.016406 0.087500
0 0.573242 0.675694 0.030859 0.097222
1 0.144336 0.745833 0.031641 0.112500
0 0.272266 0.523264 0.025000 0.079861
0 0.988672 0.402431 0.022656 0.079861
0 0.678516 0.437153 0.023438 0.078472
0 0.553711 0.282986 0.019141 0.070139
0 0.458984 0.356597 0.027344 0.079861
0 0.540625 0.524306 0.022656 0.079167
0 0.128516 0.705556 0.017188 0.097222
0 0.193359 0.511458 0.027344 0.082639
0 0.365234 0.475000 0.022656 0.088889
0 0.287695 0.619444 0.037109 0.088889
2 0.196094 0.292014 0.015625 0.075694
