1 0.200000 0.559259 0.040625 0.118519
1 0.473438 0.515741 0.027083 0.096296
0 0.635156 0.443519 0.021354 0.098148
0 0.617708 0.493981 0.023958 0.100926
0 0.711979 0.543519 0.034375 0.100000
0 0.729167 0.461111 0.025000 0.100000
0 0.834375 0.421296 0.023958 0.092593
0 0.142969 0.586111 0.030729 0.100000
0 0.567969 0.571759 0.022396 0.119444
0 0.634896 0.540741 0.022917 0.105556
0 0.720573 0.486574 0.034896 0.089815
0 0.753646 0.405093 0.019792 0.097222
0 0.909896 0.557870 0.025000 0.112037
2 0.500781 0.453704 0.026562 0.087037
