1 0.337891 0.607986 0.029687 0.104861
1 0.404883 0.693056 0.031641 0.086111
1 0.466016 0.466667 0.021875 0.094444
1 0.546484 0.629861 0.025000 0.091667
0 0.814453 0.570833 0.028125 0.109722
0 0.795312 0.386458 0.022656 0.089583
0 0.983594 0.247222 0.017969 0.077778
0 0.575391 0.313194 0.023438 0.077778
0 0.672070 0.265278 0.023828 0.075000
0 0.423242 0.771528 0.029297 0.122222
0 0.560352 0.861458 0.023828 0.128472
0 0.585547 0.677778 0.023438 0.109722
0 0.941406 0.413194 0.027344 0.087500
0 0.986719 0.300694 0.025000 0.081944
0 0.615625 0.303125 0.021094 0.082639
2 0.301172 0.296528 0.024219 0.076389
