1 0.107292 0.768981 0.030208 0.169444
0 0.157031 0.455556 0.020313 0.118519
0 0.234375 0.568056 0.030208 0.137963
0 0.307292 0.563889 0.023958 0.140741
0 0.534635 0.577778 0.031771 0.133333
0 0.701302 0.730093 0.038021 0.163889
0 0.812500 0.653704 0.027083 0.157407
0 0.095312 0.602315 0.036458 0.145370
0 0.155208 0.518056 0.037500 0.125000
0 0.301823 0.656481 0.028646 0.150000
0 0.336458 0.486111 0.028125 0.125926
0 0.373958 0.592130 0.028125 0.130556
0 0.553646 0.645370 0.047917 0.150000
0 0.589323 0.573611 0.027604 0.152778
0 0.632812 0.532870 0.025000 0.130556
0 0.629948 0.687500 0.027604 0.156481
2 0.678906 0.563426 0.042188 0.086111
