1 0.326758 0.616319 0.024609 0.086806
1 0.464062 0.509722 0.040625 0.091667
0 0.576562 0.393056 0.022656 0.091667
0 0.666406 0.362153 0.024219 0.078472
0 0.636523 0.550694 0.021484 0.088889
0 0.662891 0.821875 0.028125 0.114583
0 0.811914 0.492361 0.023828 0.098611
0 0.802539 0.388889 0.016797 0.084722
0 0.282617 0.680903 0.022266 0.104861
0 0.703320 0.860069 0.040234 0.128472
0 0.569336 0.531250 0.022266 0.097222
0 0.676367 0.367361 0.030859 0.080556
0 0.908984 0.304514 0.022656 0.070139
0 0.935742 0.422917 0.024609 0.087500
2 0.268945 0.402083 0.019922 0.080556
