0 0.976562 0.588889 0.029167 0.162963
0 0.875000 0.731019 0.030208 0.182407
0 0.744531 0.887037 0.034896 0.212963
0 0.630208 0.544444 0.027083 0.148148
0 0.565104 0.481944 0.025000 0.141667
0 0.560156 0.386574 0.026562 0.108333
0 0.749740 0.457407 0.028646 0.137037
0 0.252083 0.471296 0.029167 0.131481
0 0.303906 0.376852 0.026562 0.124074
0 0.335677 0.329167 0.025521 0.102778
0 0.915365 0.580556 0.034896 0.153704
0 0.636719 0.887963 0.032813 0.220370
0 0.539844 0.602315 0.029687 0.154630
0 0.760938 0.501852 0.026042 0.138889
0 0.088021 0.842593 0.043750 0.211111
0 0.428385 0.428704 0.027604 0.118519
0 0.164323 0.368056 0.019271 0.112037
2 0.920573 0.323148 0.019271 0.118519
