1 0.193945 0.511458 0.024609 0.084028
0 0.288477 0.617708 0.035547 0.086806
1 0.128320 0.705556 0.019141 0.088889
0 0.365039 0.475347 0.020703 0.086806
0 0.459375 0.356597 0.025781 0.079861
0 0.553906 0.282292 0.017188 0.070139
0 0.541016 0.521875 0.022656 0.075694
0 0.677734 0.435764 0.017969 0.077083
0 0.989258 0.401736 0.021484 0.081250
0 0.144141 0.744097 0.029687 0.110417
0 0.272461 0.524306 0.023047 0.080556
0 0.446484 0.392361 0.019531 0.072222
0 0.607422 0.483333 0.017188 0.081944
0 0.546094 0.610417 0.017969 0.083333
0 0.574219 0.675000 0.025781 0.097222
2 0.196680 0.292708 0.014453 0.074306
