0 0.442773 0.449306 0.028516 0.080556
0 0.533789 0.320139 0.021484 0.073611
0 0.384961 0.749653 0.026953 0.118750
0 0.495312 0.701042 0.020313 0.111806
1 0.346484 0.378819 0.025000 0.068750
0 0.767969 0.487500 0.017188 0.077778
0 0.386328 0.464236 0.029687 0.075694
0 0.414453 0.461111 0.021875 0.040278
0 0.473047 0.362847 0.018750 0.075694
0 0.573047 0.372917 0.021875 0.075000
0 0.501172 0.438194 0.021094 0.077778
0 0.483984 0.560069 0.020313 0.092361
0 0.367773 0.571528 0.019141 0.098611
0 0.454492 0.719444 0.019922 0.118056
0 0.992188 0.710069 0.015625 0.117361
2 0.343164 0.438542 0.025391 0.077083
