1 0.342187 0.560764 0.023438 0.084028
0 0.469531 0.719097 0.020313 0.097917
0 0.517188 0.554514 0.024219 0.092361
0 0.435547 0.503125 0.018750 0.093750
0 0.523828 0.465625 0.020313 0.090972
0 0.529297 0.389931 0.023438 0.084028
1 0.407031 0.457639 0.019531 0.093056
0 0.625781 0.387500 0.021094 0.080556
0 0.912109 0.695486 0.022656 0.109028
0 0.456445 0.765278 0.031641 0.109722
0 0.488672 0.689583 0.021875 0.112500
0 0.403711 0.480208 0.016016 0.090972
0 0.421484 0.413542 0.025781 0.088194
0 0.643750 0.530208 0.021094 0.092361
0 0.565625 0.327083 0.017969 0.075000
0 0.977930 0.643056 0.020703 0.108333
2 0.298828 0.456944 0.018750 0.087500
