1 0.339062 0.607639 0.027344 0.097222
1 0.405664 0.692708 0.032422 0.084028
1 0.546289 0.628472 0.025391 0.091667
1 0.466016 0.466667 0.021094 0.093056
0 0.576367 0.314931 0.023828 0.079861
0 0.672852 0.264931 0.024609 0.074306
0 0.796875 0.386111 0.022656 0.087500
0 0.815625 0.570486 0.028125 0.103472
0 0.985547 0.248958 0.017188 0.077083
0 0.424414 0.768056 0.024609 0.115278
0 0.559766 0.860764 0.025000 0.122917
0 0.586914 0.676389 0.021484 0.109722
0 0.615625 0.302083 0.021094 0.079167
0 0.941602 0.411806 0.024609 0.086111
0 0.986719 0.301736 0.025000 0.077083
2 0.302539 0.296528 0.022266 0.075000
