0 0.844271 0.528241 0.030208 0.128704
0 0.739583 0.440278 0.022917 0.134259
0 0.705469 0.417130 0.025521 0.121296
0 0.686458 0.393056 0.026042 0.115741
0 0.657031 0.371759 0.029687 0.112037
0 0.624479 0.464815 0.034375 0.120370
0 0.596094 0.479630 0.032813 0.118519
0 0.570052 0.357870 0.026562 0.100926
0 0.467708 0.517130 0.027083 0.130556
0 0.292969 0.441204 0.022396 0.115741
0 0.254688 0.211111 0.025000 0.087037
0 0.675781 0.406019 0.034896 0.113889
0 0.622135 0.496759 0.025521 0.125000
0 0.588021 0.498148 0.026042 0.124074
0 0.548438 0.471296 0.028125 0.125926
0 0.594271 0.359722 0.030208 0.108333
0 0.475000 0.648611 0.027083 0.158333
0 0.134896 0.553704 0.038542 0.146296
2 0.745313 0.392593 0.018750 0.120370
