0 0.774479 0.527778 0.023958 0.120370
0 0.663281 0.599537 0.032813 0.108333
0 0.586979 0.588889 0.029167 0.124074
0 0.624219 0.359259 0.024479 0.120370
0 0.603906 0.292593 0.034896 0.111111
0 0.394271 0.459722 0.040625 0.106481
0 0.418229 0.223148 0.033333 0.092593
1 0.039583 0.671296 0.033333 0.144444
0 0.565625 0.470833 0.038542 0.104630
0 0.509635 0.348611 0.022396 0.097222
0 0.364063 0.261574 0.023958 0.106481
0 0.495312 0.753704 0.031250 0.146296
0 0.238281 0.694444 0.029687 0.148148
0 0.104167 0.477778 0.027083 0.094444
2 0.810417 0.184722 0.029167 0.099074
