0 0.658594 0.411574 0.030729 0.102778
0 0.692187 0.533796 0.025000 0.149074
0 0.522917 0.704630 0.036458 0.177778
1 0.307552 0.670833 0.034896 0.162037
1 0.367448 0.522685 0.024479 0.141667
0 0.476302 0.472685 0.027604 0.134259
1 0.346615 0.383333 0.036979 0.118519
1 0.068229 0.396759 0.036458 0.130556
1 0.009375 0.325000 0.018750 0.103704
0 0.693750 0.427778 0.031250 0.100000
0 0.928125 0.697685 0.030208 0.195370
0 0.428906 0.738889 0.030729 0.172222
0 0.404948 0.526389 0.025521 0.132407
2 0.533073 0.341204 0.026562 0.075000
