1 0.261133 0.884722 0.020703 0.138889
0 0.527930 0.572569 0.023828 0.090972
0 0.848047 0.662500 0.020313 0.118056
0 0.729102 0.467014 0.029297 0.072917
0 0.564063 0.411458 0.015625 0.086806
0 0.401367 0.357986 0.030078 0.079861
0 0.563281 0.146875 0.014844 0.067361
0 0.830469 0.201736 0.016406 0.072917
0 0.258398 0.578819 0.019141 0.100694
0 0.455859 0.596875 0.020313 0.100694
0 0.676367 0.542708 0.018359 0.106250
0 0.643359 0.389583 0.025781 0.076389
0 0.977148 0.436458 0.022266 0.099306
0 0.612305 0.244444 0.015234 0.077778
0 0.534180 0.442014 0.020703 0.081250
0 0.359961 0.393403 0.021484 0.079861
0 0.431836 0.337847 0.027734 0.063194
0 0.474414 0.220139 0.016797 0.073611
2 0.052734 0.287500 0.017969 0.080556
