0 0.712760 0.666667 0.035937 0.116667
0 0.538281 0.630556 0.043229 0.122222
0 0.479427 0.486574 0.043229 0.128704
0 0.526042 0.364815 0.032292 0.112963
0 0.394271 0.269444 0.034375 0.101852
0 0.309635 0.238889 0.024479 0.105556
0 0.192969 0.383333 0.034896 0.114815
1 0.029167 0.343519 0.027083 0.120370
0 0.645052 0.718981 0.030729 0.152778
0 0.281250 0.283333 0.025000 0.094444
0 0.091146 0.219444 0.027083 0.101852
0 0.034896 0.124537 0.025000 0.084259
0 0.126823 0.763889 0.034896 0.172222
2 0.792448 0.232407 0.028646 0.101852
