0 0.733854 0.481019 0.033333 0.115741
0 0.590625 0.415741 0.033333 0.111111
0 0.524219 0.630556 0.026562 0.172222
0 0.371875 0.449537 0.037500 0.104630
0 0.364844 0.389352 0.027604 0.108333
0 0.294531 0.365278 0.033854 0.106481
0 0.257812 0.635648 0.026042 0.173148
1 0.128385 0.358796 0.028646 0.121296
1 0.060417 0.318981 0.031250 0.108333
0 0.850521 0.578241 0.035417 0.162037
0 0.566667 0.417130 0.029167 0.121296
0 0.237240 0.406481 0.032813 0.105556
0 0.282552 0.543519 0.040104 0.140741
0 0.019792 0.826852 0.035417 0.211111
2 0.400521 0.321296 0.033333 0.120370
