0 0.775521 0.649537 0.033333 0.130556
0 0.584896 0.635648 0.043750 0.117593
0 0.600521 0.523148 0.035417 0.120370
0 0.627083 0.403704 0.030208 0.109259
0 0.525781 0.350463 0.022396 0.117593
0 0.406510 0.287500 0.020313 0.110185
0 0.374219 0.431481 0.027604 0.124074
0 0.212240 0.382407 0.022396 0.124074
0 0.823438 0.698148 0.027083 0.138889
0 0.474740 0.377315 0.029687 0.108333
0 0.315885 0.648611 0.025521 0.130556
0 0.190625 0.316667 0.038542 0.109259
0 0.195052 0.270370 0.022396 0.107407
0 0.209896 0.184722 0.019792 0.087963
2 0.878906 0.286574 0.028646 0.112037
