1 0.338867 0.549306 0.037109 0.080556
1 0.333789 0.361458 0.033984 0.110417
1 0.349805 0.208681 0.026172 0.089583
1 0.394141 0.164583 0.020313 0.093056
0 0.541797 0.387153 0.028906 0.103472
0 0.649609 0.250694 0.037500 0.100000
0 0.581836 0.143403 0.019922 0.089583
0 0.817578 0.644792 0.045312 0.110417
0 0.375977 0.605903 0.030859 0.118750
0 0.473438 0.327083 0.031250 0.100000
0 0.408203 0.155208 0.021875 0.085417
0 0.574023 0.033681 0.028516 0.067361
0 0.844141 0.692708 0.053125 0.134028
0 0.730664 0.151389 0.018359 0.083333
0 0.815234 0.039583 0.020313 0.079167
2 0.047852 0.290278 0.026172 0.093056
