0 0.325260 0.640278 0.031771 0.137963
0 0.891667 0.613426 0.037500 0.128704
0 0.557813 0.476852 0.031250 0.109259
0 0.386458 0.365278 0.035417 0.110185
1 0.258594 0.228704 0.021354 0.101852
1 0.213802 0.307870 0.020313 0.113889
0 0.447135 0.646759 0.032813 0.119444
0 0.782552 0.606944 0.025521 0.139815
0 0.588802 0.567593 0.043229 0.122222
0 0.658594 0.468519 0.032813 0.114815
0 0.613281 0.412963 0.026562 0.124074
0 0.411458 0.490741 0.033333 0.133333
0 0.438802 0.317130 0.025521 0.108333
0 0.295312 0.423148 0.027083 0.129630
0 0.036458 0.516204 0.028125 0.134259
2 0.933854 0.328704 0.035417 0.114815
