0 0.592383 0.393750 0.017578 0.087500
0 0.804492 0.541667 0.018359 0.104167
0 0.963086 0.290972 0.019922 0.072222
0 0.751953 0.240278 0.017188 0.070833
1 0.300781 0.500694 0.021875 0.098611
0 0.562695 0.662153 0.022266 0.110417
0 0.658008 0.491319 0.026953 0.096528
0 0.353320 0.537500 0.027734 0.097222
0 0.365039 0.447222 0.026953 0.077778
0 0.444336 0.406597 0.026953 0.079861
0 0.567969 0.348958 0.019531 0.074306
0 0.770312 0.295486 0.025781 0.079861
0 0.896875 0.420139 0.025000 0.087500
0 0.658984 0.253125 0.018750 0.072917
2 0.190625 0.415972 0.021875 0.090278
