0 0.778906 0.528704 0.036979 0.131481
0 0.429948 0.504167 0.033854 0.125000
0 0.403385 0.393056 0.043229 0.115741
1 0.042448 0.725926 0.034896 0.177778
1 0.068750 0.289352 0.032292 0.100926
0 0.373437 0.607407 0.026042 0.148148
0 0.489583 0.579167 0.026042 0.149074
0 0.551823 0.485648 0.044271 0.123148
0 0.529687 0.441667 0.034375 0.146296
0 0.314844 0.375000 0.043229 0.112963
0 0.157292 0.469907 0.028125 0.134259
0 0.177865 0.555093 0.039062 0.145370
0 0.155208 0.740278 0.031250 0.163889
2 0.728906 0.409259 0.033854 0.109259
