1 0.175000 0.855556 0.038542 0.211111
1 0.195573 0.623148 0.029687 0.177778
1 0.147396 0.400000 0.027083 0.131481
1 0.300000 0.265278 0.023958 0.117593
0 0.576302 0.506944 0.032813 0.145370
0 0.644531 0.654630 0.026562 0.177778
0 0.377083 0.294907 0.026042 0.121296
0 0.339583 0.362963 0.026042 0.124074
0 0.326042 0.516667 0.028125 0.157407
0 0.483333 0.402315 0.029167 0.137963
0 0.662500 0.583333 0.028125 0.179630
0 0.729948 0.498611 0.024479 0.154630
0 0.953385 0.687963 0.029687 0.187037
2 0.980990 0.449074 0.024479 0.155556
