0 0.325000 0.669444 0.029167 0.153704
1 0.183594 0.538426 0.039062 0.130556
0 0.261198 0.438889 0.023438 0.116667
0 0.294792 0.393981 0.020833 0.115741
0 0.648438 0.529167 0.039583 0.117593
0 0.407552 0.635648 0.031771 0.132407
0 0.309375 0.527315 0.032292 0.117593
0 0.147656 0.356944 0.023438 0.112037
0 0.254688 0.459259 0.037500 0.124074
0 0.316667 0.349074 0.030208 0.114815
0 0.393490 0.384259 0.034896 0.114815
0 0.396875 0.470370 0.031250 0.125926
0 0.540885 0.460185 0.049479 0.114815
0 0.603125 0.521759 0.032292 0.117593
2 0.736979 0.362037 0.022917 0.109259
